0x5453 0.6270002360824352 0.01169449216627755 0.36130527175128735
0x8361 0.44072059777293027 0.04451493259541363 0.5147644696316561
0xb451 0.4899650081208162 0.04055102984764674 0.469483962031537
0xa412 0.4204926571306907 0.04598403802414639 0.5335233048451629
0xd2b1 0.6350878734865123 0.018461040486612047 0.34645108602687563
0x8141 0.4331270744218412 0.04818334232467971 0.5186895832534791
0xc492 0.5849428410671308 0.024892620631354608 0.39016453830151465
0xc411 0.48422782260102204 0.041718830301161476 0.4740533470978165
0x8443 0.40136720382095037 0.05064844865426338 0.5479843475247863
0xd474 0.6050780917025796 0.028720029401607304 0.36620187889581307
0x7223 0.3474984920663525 0.054679267805011166 0.5978222401286363
0xd191 0.6348891518595496 0.02226943203486087 0.3428414161055895
0xc421 0.4933126422716088 0.04188850835375218 0.464798849374639
0x7473 0.6871738243695427 0.00891306064095809 0.3039131149894993
0xa173 0.49713657416544954 0.03553011185692565 0.4673333139776248
0x7243 0.3874127095684516 0.053725100501894475 0.5588621899296539
0x9113 0.39239114702310157 0.04858471774323499 0.5590241352336635
0x9114 0.39239114702310157 0.04858471774323499 0.5590241352336635
0xa431 0.4386873487656493 0.046352993107651494 0.5149596581266992
0x3423 0.320663049818924 0.06159176817925331 0.6177451820018227
0x9314 0.39239114702310157 0.04858471774323499 0.5590241352336635
0x9364 0.45829763587659716 0.041567438625717996 0.5001349254976849
0xd493 0.6156808422917845 0.023071408166888543 0.36124774954132693
0x4443 0.596400354047374 0.013697702162747755 0.38990194378987825
0xd2d1 0.8493191548477659 0.005435956346488922 0.14524488880574515
0x5422 0.33069789295473184 0.060156833203945666 0.6091452738413224
0xd1c1 0.6621960772367143 0.016500491711275378 0.3213034310520104
0xd193 0.6156808422917845 0.023071408166888543 0.36124774954132693
0xb1a4 0.5690623165140808 0.024569160520990837 0.4063685229649284
0x9484 0.5237687347526121 0.03301310362397979 0.4432181616234081
0x3222 0.357273581116914 0.05829180532695796 0.584434613556128
0xb281 0.5386200390508571 0.02996862039183963 0.4314113405573033
0xc312 0.48422782260102204 0.041718830301161476 0.4740533470978165
0x7364 0.42693294162337375 0.04715036200895854 0.5259166963676677
0xa183 0.5163938074318675 0.03223632280821392 0.45136986975991866
0x6154 0.3965381185412241 0.053378700539728687 0.5500831809190472
0xb484 0.5622279631444426 0.02883050806732583 0.4089415287882316
0x4333 0.38532531606537157 0.05841777523388466 0.5562569087007437
0xb2a2 0.590708761232747 0.02376658035736931 0.3855246584098837
0xa263 0.47726130597446836 0.03911606007020306 0.48362263395532856
0x8332 0.38085795608294615 0.051705158305858714 0.5674368856111951
0xa414 0.4520244083112459 0.04351423149923216 0.5044613601895219
0x9124 0.40155186014079897 0.04878729668639805 0.549660843172803
0x5141 0.40348187504755495 0.05570397427044711 0.5408141506819979
0x4341 0.596400354047374 0.013697702162747755 0.38990194378987825
0xd142 0.5574229399662199 0.03908480727530549 0.4034922527584745
0x9441 0.4185747552742399 0.047869480452736694 0.5335557642730234
0x9271 0.47818105062785915 0.03806337221065647 0.4837555771614844
0xb153 0.4899650081208162 0.04055102984764674 0.469483962031537
0xc172 0.5443163353980058 0.0317707803554242 0.42391288424657
0x6413 0.3171027998842853 0.05746734653831258 0.6254298535774021
0x3312 0.3011740662682251 0.06164686997216401 0.6371790637596109
0xc1b1 0.6240841984762957 0.01983966894301241 0.3560761325806919
0xd2a4 0.625351750909766 0.020561656417675975 0.35408659267255804
0xb471 0.5193052192143642 0.033385403049735016 0.4473093777359008
0xc212 0.5123995219426037 0.03943552270233914 0.4481649553550571
0xc4b1 0.6043225277945115 0.02047094536522315 0.37520652684026545
0xd444 0.5806411940774965 0.037176124170970215 0.38218268175153336
0xb161 0.525234864837085 0.035575534365345385 0.43918960079756963
0x9361 0.45829763587659716 0.041567438625717996 0.5001349254976849
0x9312 0.39239114702310157 0.04858471774323499 0.5590241352336635
0x6224 0.3371791066663539 0.05768692656329765 0.6051339667703485
0x5244 0.3701275522122621 0.05863094165426662 0.5712415061334712
0xd451 0.5587030559707975 0.0362429339745317 0.40505401005467084
0x8232 0.4140712268143879 0.04909696275561216 0.53683181043
0xb453 0.4899650081208162 0.04055102984764674 0.469483962031537
0xc464 0.5584632091841025 0.033828331741969905 0.40770845907392755
0x6444 0.40979005063186374 0.05393063142897952 0.5362793179391567
0xb253 0.4899650081208162 0.04055102984764674 0.469483962031537
0xa143 0.4490464791584786 0.04552480619977647 0.5054287146417449
0xb392 0.559473896109617 0.026867859722029142 0.41365824416835384
0x5343 0.40348187504755495 0.05570397427044711 0.5408141506819979
0xc374 0.5443163353980058 0.0317707803554242 0.42391288424657
0xb384 0.5386200390508571 0.02996862039183963 0.4314113405573033
0x9151 0.46800197552179845 0.042809562616289196 0.4891884618619124
0xc3b3 0.6240841984762957 0.01983966894301241 0.3560761325806919
0x9322 0.40155186014079897 0.04878729668639805 0.549660843172803
0xc384 0.5640764356929945 0.02808562174063694 0.4078379425663686
0xb214 0.4510993017451984 0.04371013415317631 0.5051905641016253
0x5342 0.3701275522122621 0.05863094165426662 0.5712415061334712
0xc271 0.5443163353980058 0.0317707803554242 0.42391288424657
0x8353 0.45151166939458204 0.04554247662679009 0.5029458539786279
0x5313 0.3483754772898423 0.05662832758478325 0.5949961951253745
0xd394 0.6156808422917845 0.023071408166888543 0.36124774954132693
0x9444 0.4493902532279696 0.04554467297529277 0.5050650737967376
0x6344 0.3767468422067338 0.056745692782761634 0.5665074650105045
0xc4b3 0.6043225277945115 0.02047094536522315 0.37520652684026545
0xc351 0.5229712047126478 0.0385231694505515 0.4385056258368007
0x9433 0.4105538860065092 0.048974388202285654 0.5404717257912051
0xd2b3 0.6350878734865123 0.018461040486612047 0.34645108602687563
0xa384 0.5163938074318675 0.03223632280821392 0.45136986975991866
0x4322 0.3316498128979958 0.06199579666475398 0.6063543904372503
0xc112 0.48422782260102204 0.041718830301161476 0.4740533470978165
0x8334 0.38085795608294615 0.051705158305858714 0.5674368856111951
0x3433 0.562565139587077 0.015326144642254064 0.422108715770669
0xb381 0.5386200390508571 0.02996862039183963 0.4314113405573033
0x9274 0.47818105062785915 0.03806337221065647 0.4837555771614844
0x5434 0.38480977343142003 0.05704683375887288 0.558143392809707
0xd153 0.5587030559707975 0.0362429339745317 0.40505401005467084
0x9412 0.39239114702310157 0.04858471774323499 0.5590241352336635
0xb432 0.4692476540976607 0.044058373861135855 0.48669397204120346
0x7221 0.3474984920663525 0.054679267805011166 0.5978222401286363
0xb111 0.4810181588964462 0.04134438744522001 0.4776374536583338
0xa194 0.5382600514766499 0.028433958703880734 0.4333059898194694
0x8143 0.40136720382095037 0.05064844865426338 0.5479843475247863
0xc494 0.6058706507579905 0.024029861853636137 0.37009948738837334
0x5412 0.3107865568787995 0.059929652964541294 0.6292837901566591
0x5251 0.6270002360824352 0.01169449216627755 0.36130527175128735
0x8214 0.3651701304803591 0.05161846475478034 0.5832114047648606
0x8163 0.44072059777293027 0.04451493259541363 0.5147644696316561
0x5242 0.40348187504755495 0.05570397427044711 0.5408141506819979
0x7454 0.4381851119894598 0.048495161358911854 0.5133197266516283
0x6341 0.3767468422067338 0.056745692782761634 0.5665074650105045
0xc163 0.5341732809794789 0.03540044148178151 0.4304262775387395
0x5331 0.3500298874069853 0.060149990055170445 0.5898201225378442
0xc4a1 0.5944123325612026 0.022549038116634258 0.3830386293221631
0xb124 0.4602489706672342 0.04389077916929113 0.4958602501634747
0xd1a2 0.625351750909766 0.020561656417675975 0.35408659267255804
0xb134 0.4692476540976607 0.044058373861135855 0.48669397204120346
0x5322 0.33069789295473184 0.060156833203945666 0.6091452738413224
0x3111 0.339179443818006 0.058221406803407594 0.6025991493785864
0xd462 0.5716951538836037 0.03343360067094704 0.3948712454454492
0xb353 0.5167924415862832 0.03866644555391747 0.44454111285979925
0xc3c1 0.8211733516325825 0.005566892470553102 0.1732597558968644
0x3431 0.562565139587077 0.015326144642254064 0.422108715770669
0xb431 0.4692476540976607 0.044058373861135855 0.48669397204120346
0xd392 0.6156808422917845 0.023071408166888543 0.36124774954132693
0xc443 0.5125391743331482 0.041201108004662916 0.4462597176621889
0xc352 0.5229712047126478 0.0385231694505515 0.4385056258368007
0xb183 0.5386200390508571 0.02996862039183963 0.4314113405573033
0x4414 0.34929535257042854 0.058395854655600925 0.5923087927739705
0xc274 0.5443163353980058 0.0317707803554242 0.42391288424657
0xa473 0.49713657416544954 0.03553011185692565 0.4673333139776248
0x8313 0.3997295459265196 0.04884434549196014 0.5514261085815202
0x4311 0.3119380732698428 0.06181676351195315 0.626245163218204
0xc152 0.5229712047126478 0.0385231694505515 0.4385056258368007
0x7314 0.3408682966080217 0.05481688879964286 0.6043148145923354
0xd282 0.6150967375428853 0.025430803246648363 0.35947245921046633
0xd4a1 0.625351750909766 0.020561656417675975 0.35408659267255804
0xa461 0.47726130597446836 0.03911606007020306 0.48362263395532856
0x7233 0.36709171945626284 0.05475239043000375 0.5781558901137334
0x2411 0.2923944961327676 0.06127557027352191 0.6463299335937105
0x9131 0.4420406938039421 0.04652848454718416 0.5114308216488738
0xd2a1 0.625351750909766 0.020561656417675975 0.35408659267255804
0x6311 0.3171027998842853 0.05746734653831258 0.6254298535774021
0x6321 0.3371791066663539 0.05768692656329765 0.6051339667703485
0x8272 0.4885627399559605 0.038889627838352564 0.4725476322056869
0x3432 0.562565139587077 0.015326144642254064 0.422108715770669
0x3411 0.3011740662682251 0.06164686997216401 0.6371790637596109
0xd223 0.5385531202641682 0.03978580620149273 0.421661073534339
0xd3c2 0.644693779342253 0.01701387708953455 0.3382923435682125
0xc2b4 0.6043225277945115 0.02047094536522315 0.37520652684026545
0x7351 0.4069658448976541 0.050886347474823755 0.5421478076275221
0x9221 0.40155186014079897 0.04878729668639805 0.549660843172803
0x8371 0.4606833213480498 0.040574012606191805 0.4987426660457584
0xa372 0.49713657416544954 0.03553011185692565 0.4673333139776248
0xd143 0.5574229399662199 0.03908480727530549 0.4034922527584745
0xc261 0.5341732809794789 0.03540044148178151 0.4304262775387395
0xd112 0.5294730546607116 0.039625064193255025 0.4309018811460334
0xa172 0.49713657416544954 0.03553011185692565 0.4673333139776248
0xc164 0.5341732809794789 0.03540044148178151 0.4304262775387395
0xd461 0.5716951538836037 0.03343360067094704 0.3948712454454492
0x4211 0.3119380732698428 0.06181676351195315 0.626245163218204
0xb1a2 0.5690623165140808 0.024569160520990837 0.4063685229649284
0xa292 0.5615478092675132 0.027461523616538815 0.41099066711594795
0xb442 0.47958999937260804 0.04322165709274207 0.47718834353464984
0x5431 0.3500298874069853 0.060149990055170445 0.5898201225378442
0x9252 0.46800197552179845 0.042809562616289196 0.4891884618619124
0x8242 0.4331270744218412 0.04818334232467971 0.5186895832534791
0x8254 0.42103393046170895 0.04775904421701964 0.5312070253212714
0x6114 0.3171027998842853 0.05746734653831258 0.6254298535774021
0xb3a2 0.5690623165140808 0.024569160520990837 0.4063685229649284
0xc4a3 0.5944123325612026 0.022549038116634258 0.3830386293221631
0xa432 0.4386873487656493 0.046352993107651494 0.5149596581266992
0x6232 0.3910890851729361 0.05480806717327135 0.5541028476537926
0x8251 0.42103393046170895 0.04775904421701964 0.5312070253212714
0xc333 0.5288884350308957 0.03991586130709958 0.4311957036620047
0x7241 0.3874127095684516 0.053725100501894475 0.5588621899296539
0xd283 0.5944974132954839 0.026461301168913168 0.37904128553560296
0x7372 0.6871738243695427 0.00891306064095809 0.3039131149894993
0xd111 0.5550626052287874 0.03745274680387671 0.40748464796733597
0xc3a2 0.5944123325612026 0.022549038116634258 0.3830386293221631
0xb3a4 0.5690623165140808 0.024569160520990837 0.4063685229649284
0xd331 0.5473287043631963 0.0399361438012819 0.41273515183552184
0xc383 0.5863813945111025 0.027006721198276636 0.38661188429062093
0xc473 0.5443163353980058 0.0317707803554242 0.42391288424657
0x8241 0.40136720382095037 0.05064844865426338 0.5479843475247863
0x5223 0.33069789295473184 0.060156833203945666 0.6091452738413224
0x9424 0.43378483383934685 0.04628057272302019 0.5199345934376329
0x7424 0.38282562499392153 0.051818832093709855 0.5653555429123686
0xb132 0.4692476540976607 0.044058373861135855 0.48669397204120346
0xc184 0.5640764356929945 0.02808562174063694 0.4078379425663686
0xd312 0.5294730546607116 0.039625064193255025 0.4309018811460334
0x9323 0.43378483383934685 0.04628057272302019 0.5199345934376329
0xd431 0.5473287043631963 0.0399361438012819 0.41273515183552184
0x9462 0.45829763587659716 0.041567438625717996 0.5001349254976849
0xa362 0.47726130597446836 0.03911606007020306 0.48362263395532856
0x4412 0.3119380732698428 0.06181676351195315 0.626245163218204
0x3122 0.320663049818924 0.06159176817925331 0.6177451820018227
0xb131 0.4976303726155054 0.04184529554259963 0.46052433184189495
0xa224 0.42966762386843 0.046175650003785325 0.5241567261277846
0x5134 0.3500298874069853 0.060149990055170445 0.5898201225378442
0x8262 0.4699028972730572 0.042548827396851716 0.4875482753300911
0x9333 0.4420406938039421 0.04652848454718416 0.5114308216488738
0xb142 0.47958999937260804 0.04322165709274207 0.47718834353464984
0x7112 0.3408682966080217 0.05481688879964286 0.6043148145923354
0x9434 0.4420406938039421 0.04652848454718416 0.5114308216488738
0x5333 0.38480977343142003 0.05704683375887288 0.558143392809707
0x8483 0.7166565196986764 0.00783199950571432 0.2755114807956092
0xc143 0.5125391743331482 0.041201108004662916 0.4462597176621889
0x8273 0.4606833213480498 0.040574012606191805 0.4987426660457584
0xd364 0.5716951538836037 0.03343360067094704 0.3948712454454492
0x9461 0.45829763587659716 0.041567438625717996 0.5001349254976849
0x5232 0.38480977343142003 0.05704683375887288 0.558143392809707
0xa444 0.478209446310411 0.04331809762561712 0.4784724560639719
0xd313 0.5550626052287874 0.03745274680387671 0.40748464796733597
0x9353 0.46800197552179845 0.042809562616289196 0.4891884618619124
0x9143 0.4185747552742399 0.047869480452736694 0.5335557642730234
0xb493 0.559473896109617 0.026867859722029142 0.41365824416835384
0x4231 0.3507482025411852 0.06160933658356679 0.587642460875248
0x5142 0.3701275522122621 0.05863094165426662 0.5712415061334712
0xd1c2 0.644693779342253 0.01701387708953455 0.3382923435682125
0xb452 0.4899650081208162 0.04055102984764674 0.469483962031537
0x9142 0.4185747552742399 0.047869480452736694 0.5335557642730234
0x5314 0.3107865568787995 0.059929652964541294 0.6292837901566591
0xc221 0.4933126422716088 0.04188850835375218 0.464798849374639
0xc3b4 0.6043225277945115 0.02047094536522315 0.37520652684026545
0xb4b2 0.7963199000902186 0.005863481041226515 0.1978166188685549
0xc364 0.5341732809794789 0.03540044148178151 0.4304262775387395
0xb391 0.559473896109617 0.026867859722029142 0.41365824416835384
0xc193 0.5849428410671308 0.024892620631354608 0.39016453830151465
0xb341 0.47958999937260804 0.04322165709274207 0.47718834353464984
0xd421 0.5385531202641682 0.03978580620149273 0.421661073534339
0xc422 0.4933126422716088 0.04188850835375218 0.464798849374639
0x5224 0.33069789295473184 0.060156833203945666 0.6091452738413224
0x9331 0.4105538860065092 0.048974388202285654 0.5404717257912051
0x9264 0.45829763587659716 0.041567438625717996 0.5001349254976849
0x4122 0.3316498128979958 0.06199579666475398 0.6063543904372503
0xa442 0.4490464791584786 0.04552480619977647 0.5054287146417449
0xc481 0.5640764356929945 0.02808562174063694 0.4078379425663686
0x8481 0.7166565196986764 0.00783199950571432 0.2755114807956092
0xd214 0.5294730546607116 0.039625064193255025 0.4309018811460334
0x7252 0.4381851119894598 0.048495161358911854 0.5133197266516283
0x8164 0.44072059777293027 0.04451493259541363 0.5147644696316561
0xc324 0.4933126422716088 0.04188850835375218 0.464798849374639
0xd351 0.5587030559707975 0.0362429339745317 0.40505401005467084
0xa293 0.5382600514766499 0.028433958703880734 0.4333059898194694
0xa274 0.49713657416544954 0.03553011185692565 0.4673333139776248
0xc483 0.5640764356929945 0.02808562174063694 0.4078379425663686
0xb352 0.4899650081208162 0.04055102984764674 0.469483962031537
0x6243 0.3767468422067338 0.056745692782761634 0.5665074650105045
0x6143 0.3767468422067338 0.056745692782761634 0.5665074650105045
0x5421 0.33069789295473184 0.060156833203945666 0.6091452738413224
0xa174 0.49713657416544954 0.03553011185692565 0.4673333139776248
0x9282 0.5237687347526121 0.03301310362397979 0.4432181616234081
0x6411 0.3171027998842853 0.05746734653831258 0.6254298535774021
0xc373 0.5679041009502223 0.030438796772878973 0.40165710227689877
0xd2b4 0.6350878734865123 0.018461040486612047 0.34645108602687563
0x8372 0.4606833213480498 0.040574012606191805 0.4987426660457584
0xa191 0.5615478092675132 0.027461523616538815 0.41099066711594795
0x6353 0.42829476589222853 0.050845801079381095 0.5208594330283903
0xb4a4 0.590708761232747 0.02376658035736931 0.3855246584098837
0xa113 0.4204926571306907 0.04598403802414639 0.5335233048451629
0x8223 0.3742791381122292 0.05183201066146751 0.5738888512263033
0xb463 0.49904364588321243 0.03722602709684777 0.4637303270199398
0xb122 0.4602489706672342 0.04389077916929113 0.4958602501634747
0x9381 0.49815695610792743 0.03431953576429591 0.46752350812777665
0x4334 0.3507482025411852 0.06160933658356679 0.587642460875248
0xb371 0.5193052192143642 0.033385403049735016 0.4473093777359008
0xc343 0.5383385212353099 0.03918131026132876 0.42248016850336134
0xc442 0.5125391743331482 0.041201108004662916 0.4462597176621889
0x8274 0.4606833213480498 0.040574012606191805 0.4987426660457584
0x2213 0.2923944961327676 0.06127557027352191 0.6463299335937105
0x7324 0.3474984920663525 0.054679267805011166 0.5978222401286363
0xd384 0.5944974132954839 0.026461301168913168 0.37904128553560296
0xa382 0.5163938074318675 0.03223632280821392 0.45136986975991866
0xd254 0.5587030559707975 0.0362429339745317 0.40505401005467084
0xb143 0.47958999937260804 0.04322165709274207 0.47718834353464984
0xd3b2 0.6350878734865123 0.018461040486612047 0.34645108602687563
0x5344 0.3701275522122621 0.05863094165426662 0.5712415061334712
0x9253 0.43848124622539847 0.044877573236566236 0.5166411805380353
0xa381 0.5163938074318675 0.03223632280821392 0.45136986975991866
0xa423 0.42966762386843 0.046175650003785325 0.5241567261277846
0x4233 0.3507482025411852 0.06160933658356679 0.587642460875248
0xc381 0.5640764356929945 0.02808562174063694 0.4078379425663686
0x3321 0.320663049818924 0.06159176817925331 0.6177451820018227
0x6463 0.6572535365167849 0.01021338286106358 0.3325330806221516
0xd4b2 0.6350878734865123 0.018461040486612047 0.34645108602687563
0x8462 0.44072059777293027 0.04451493259541363 0.5147644696316561
0x4121 0.36758676696928316 0.058685714018738996 0.5737275190119778
0xc171 0.5679041009502223 0.030438796772878973 0.40165710227689877
0x8121 0.4080678926744078 0.04914937048180077 0.5427827368437914
0xb414 0.4810181588964462 0.04134438744522001 0.4776374536583338
0xd391 0.6156808422917845 0.023071408166888543 0.36124774954132693
0xc154 0.5229712047126478 0.0385231694505515 0.4385056258368007
0xa364 0.47726130597446836 0.03911606007020306 0.48362263395532856
0x6342 0.3767468422067338 0.056745692782761634 0.5665074650105045
0xd383 0.6150967375428853 0.025430803246648363 0.35947245921046633
0xc263 0.5341732809794789 0.03540044148178151 0.4304262775387395
0x7132 0.36709171945626284 0.05475239043000375 0.5781558901137334
0xd2c4 0.644693779342253 0.01701387708953455 0.3382923435682125
0x2212 0.33091971604889536 0.05784917984237398 0.6112311041087306
0xb374 0.5193052192143642 0.033385403049735016 0.4473093777359008
0x6253 0.3965381185412241 0.053378700539728687 0.5500831809190472
0xa353 0.4857424473167172 0.04063324822542478 0.473624304457858
0x6214 0.3171027998842853 0.05746734653831258 0.6254298535774021
0xd322 0.5385531202641682 0.03978580620149273 0.421661073534339
0x7453 0.4069658448976541 0.050886347474823755 0.5421478076275221
0xa124 0.42966762386843 0.046175650003785325 0.5241567261277846
0x7321 0.3474984920663525 0.054679267805011166 0.5978222401286363
0xd2c1 0.644693779342253 0.01701387708953455 0.3382923435682125
0x6454 0.42829476589222853 0.050845801079381095 0.5208594330283903
0xb283 0.5386200390508571 0.02996862039183963 0.4314113405573033
0x6323 0.3730355643504844 0.05464758880313261 0.572316846846383
0x9171 0.5050914776529287 0.03650445915478293 0.4584040631922884
0x9311 0.39239114702310157 0.04858471774323499 0.5590241352336635
0x8231 0.38085795608294615 0.051705158305858714 0.5674368856111951
0xd311 0.5294730546607116 0.039625064193255025 0.4309018811460334
0xb441 0.47958999937260804 0.04322165709274207 0.47718834353464984
0xc432 0.5022515437369408 0.042046354633575464 0.45570210162948366
0x7413 0.3408682966080217 0.05481688879964286 0.6043148145923354
0x2111 0.33091971604889536 0.05784917984237398 0.6112311041087306
0x7342 0.3874127095684516 0.053725100501894475 0.5588621899296539
0xa422 0.42966762386843 0.046175650003785325 0.5241567261277846
0xa333 0.46868667942045766 0.04403570908923096 0.48727761149031135
0x9223 0.40155186014079897 0.04878729668639805 0.549660843172803
0xd131 0.5713779929598616 0.03791673364885999 0.3907052733912784
0x6331 0.35661728767979595 0.057761981421952345 0.5856207308982517
0x6354 0.3965381185412241 0.053378700539728687 0.5500831809190472
0xb444 0.5071345017697602 0.041119214287907296 0.45174628394233257
0x3213 0.3011740662682251 0.06164686997216401 0.6371790637596109
0x8414 0.3997295459265196 0.04884434549196014 0.5514261085815202
0xd1b3 0.6350878734865123 0.018461040486612047 0.34645108602687563
0xd393 0.6348891518595496 0.02226943203486087 0.3428414161055895
0xd192 0.6156808422917845 0.023071408166888543 0.36124774954132693
0xd2a3 0.625351750909766 0.020561656417675975 0.35408659267255804
0xb311 0.4510993017451984 0.04371013415317631 0.5051905641016253
0x1413 0.49385176025390115 0.018976861060910222 0.48717137868518867
0xc114 0.48422782260102204 0.041718830301161476 0.4740533470978165
0x4441 0.596400354047374 0.013697702162747755 0.38990194378987825
0x8171 0.4885627399559605 0.038889627838352564 0.4725476322056869
0xd152 0.5587030559707975 0.0362429339745317 0.40505401005467084
0xa421 0.42966762386843 0.046175650003785325 0.5241567261277846
0xb254 0.4899650081208162 0.04055102984764674 0.469483962031537
0x8221 0.3742791381122292 0.05183201066146751 0.5738888512263033
0xd491 0.6156808422917845 0.023071408166888543 0.36124774954132693
0xc4c2 0.8211733516325825 0.005566892470553102 0.1732597558968644
0x8271 0.4606833213480498 0.040574012606191805 0.4987426660457584
0x8442 0.40136720382095037 0.05064844865426338 0.5479843475247863
0x7323 0.38282562499392153 0.051818832093709855 0.5653555429123686
0xd151 0.5817889794888605 0.03453860186184753 0.3836724186492919
0xb222 0.4893840932498921 0.04161674324090077 0.4689991635092071
0x7353 0.4381851119894598 0.048495161358911854 0.5133197266516283
0x5133 0.3500298874069853 0.060149990055170445 0.5898201225378442
0x8113 0.3651701304803591 0.05161846475478034 0.5832114047648606
0xb314 0.4510993017451984 0.04371013415317631 0.5051905641016253
0x6412 0.3171027998842853 0.05746734653831258 0.6254298535774021
0xc1b4 0.6043225277945115 0.02047094536522315 0.37520652684026545
0x7114 0.3408682966080217 0.05481688879964286 0.6043148145923354
0x4433 0.3507482025411852 0.06160933658356679 0.587642460875248
0xd294 0.6156808422917845 0.023071408166888543 0.36124774954132693
0xb121 0.4893840932498921 0.04161674324090077 0.4689991635092071
0xc413 0.48422782260102204 0.041718830301161476 0.4740533470978165
0x8114 0.3651701304803591 0.05161846475478034 0.5832114047648606
0x8373 0.4885627399559605 0.038889627838352564 0.4725476322056869
0xd162 0.5716951538836037 0.03343360067094704 0.3948712454454492
0x8261 0.44072059777293027 0.04451493259541363 0.5147644696316561
0x6153 0.3965381185412241 0.053378700539728687 0.5500831809190472
0xb242 0.5071345017697602 0.041119214287907296 0.45174628394233257
0xd4d3 0.8493191548477659 0.005435956346488922 0.14524488880574515
0x3313 0.339179443818006 0.058221406803407594 0.6025991493785864
0xd154 0.5587030559707975 0.0362429339745317 0.40505401005467084
0xa311 0.4204926571306907 0.04598403802414639 0.5335233048451629
0xa354 0.45713538993934133 0.04261468114282968 0.500249928917829
0xc244 0.5125391743331482 0.041201108004662916 0.4462597176621889
0xd4a4 0.6439762064947079 0.01990116765457059 0.33612262585072156
0x9212 0.42540160854519254 0.04598643746456618 0.5286119539902413
0x7264 0.42693294162337375 0.04715036200895854 0.5259166963676677
0x2314 0.2923944961327676 0.06127557027352191 0.6463299335937105
0x6123 0.3371791066663539 0.05768692656329765 0.6051339667703485
0xc133 0.5022515437369408 0.042046354633575464 0.45570210162948366
0x8312 0.3651701304803591 0.05161846475478034 0.5832114047648606
0xd3c4 0.644693779342253 0.01701387708953455 0.3382923435682125
0x9121 0.43378483383934685 0.04628057272302019 0.5199345934376329
0x8461 0.44072059777293027 0.04451493259541363 0.5147644696316561
0xc462 0.5341732809794789 0.03540044148178151 0.4304262775387395
0xc232 0.5288884350308957 0.03991586130709958 0.4311957036620047
0xb323 0.4893840932498921 0.04161674324090077 0.4689991635092071
0xa313 0.4520244083112459 0.04351423149923216 0.5044613601895219
0x6233 0.35661728767979595 0.057761981421952345 0.5856207308982517
0xd323 0.5633505360768477 0.03770533975370767 0.39894412416944464
0xd1a4 0.625351750909766 0.020561656417675975 0.35408659267255804
0xb473 0.5193052192143642 0.033385403049735016 0.4473093777359008
0xa291 0.5382600514766499 0.028433958703880734 0.4333059898194694
0xb251 0.4899650081208162 0.04055102984764674 0.469483962031537
0xc463 0.5341732809794789 0.03540044148178151 0.4304262775387395
0xd464 0.5938667242189114 0.03194572258864581 0.37418755319244285
0xc224 0.4933126422716088 0.04188850835375218 0.464798849374639
0xc4c3 0.8211733516325825 0.005566892470553102 0.1732597558968644
0xb221 0.4602489706672342 0.04389077916929113 0.4958602501634747
0x3113 0.3011740662682251 0.06164686997216401 0.6371790637596109
0x6414 0.3543983783348789 0.05432111282547387 0.5912805088396472
0xd4c3 0.644693779342253 0.01701387708953455 0.3382923435682125
0x9493 0.7466026488525498 0.007030301314033308 0.24636704983341695
0xb223 0.4602489706672342 0.04389077916929113 0.4958602501634747
0xd234 0.5473287043631963 0.0399361438012819 0.41273515183552184
0xc4b4 0.6240841984762957 0.01983966894301241 0.3560761325806919
0xd412 0.5294730546607116 0.039625064193255025 0.4309018811460334
0xd134 0.5473287043631963 0.0399361438012819 0.41273515183552184
0x2423 0.5283923663373908 0.017076795060804575 0.45453083860180465
0xc3a4 0.5944123325612026 0.022549038116634258 0.3830386293221631
0x9342 0.4185747552742399 0.047869480452736694 0.5335557642730234
0x9343 0.4493902532279696 0.04554467297529277 0.5050650737967376
0x8134 0.38085795608294615 0.051705158305858714 0.5674368856111951
0x9242 0.4493902532279696 0.04554467297529277 0.5050650737967376
0x7113 0.3408682966080217 0.05481688879964286 0.6043148145923354
0xb213 0.4510993017451984 0.04371013415317631 0.5051905641016253
0xd3d2 0.8493191548477659 0.005435956346488922 0.14524488880574515
0x7412 0.3408682966080217 0.05481688879964286 0.6043148145923354
0xb472 0.5193052192143642 0.033385403049735016 0.4473093777359008
0x6124 0.3371791066663539 0.05768692656329765 0.6051339667703485
0x6141 0.40979005063186374 0.05393063142897952 0.5362793179391567
0x7442 0.3874127095684516 0.053725100501894475 0.5588621899296539
0x8123 0.3742791381122292 0.05183201066146751 0.5738888512263033
0xc213 0.48422782260102204 0.041718830301161476 0.4740533470978165
0x8152 0.42103393046170895 0.04775904421701964 0.5312070253212714
0xc414 0.5123995219426037 0.03943552270233914 0.4481649553550571
0xd194 0.6156808422917845 0.023071408166888543 0.36124774954132693
0xb443 0.47958999937260804 0.04322165709274207 0.47718834353464984
0x5212 0.3483754772898423 0.05662832758478325 0.5949961951253745
0x9132 0.4105538860065092 0.048974388202285654 0.5404717257912051
0xb331 0.4692476540976607 0.044058373861135855 0.48669397204120346
0xc372 0.5443163353980058 0.0317707803554242 0.42391288424657
0x9452 0.43848124622539847 0.044877573236566236 0.5166411805380353
0xd273 0.583741555237855 0.02996899129679624 0.3862894534653488
0x9273 0.47818105062785915 0.03806337221065647 0.4837555771614844
0x5443 0.3701275522122621 0.05863094165426662 0.5712415061334712
0xa2a1 0.7715297951098136 0.006329867803371173 0.22214033708681521
0x8264 0.44072059777293027 0.04451493259541363 0.5147644696316561
0x6442 0.3767468422067338 0.056745692782761634 0.5665074650105045
0xc234 0.5022515437369408 0.042046354633575464 0.45570210162948366
0x8172 0.4606833213480498 0.040574012606191805 0.4987426660457584
0x1311 0.49385176025390115 0.018976861060910222 0.48717137868518867
0x6122 0.3371791066663539 0.05768692656329765 0.6051339667703485
0x2414 0.33091971604889536 0.05784917984237398 0.6112311041087306
0xa4a3 0.7715297951098136 0.006329867803371173 0.22214033708681521
0xd432 0.5473287043631963 0.0399361438012819 0.41273515183552184
0x9183 0.49815695610792743 0.03431953576429591 0.46752350812777665
0xb481 0.5386200390508571 0.02996862039183963 0.4314113405573033
0x2421 0.5283923663373908 0.017076795060804575 0.45453083860180465
0x7244 0.3874127095684516 0.053725100501894475 0.5588621899296539
0x4324 0.3316498128979958 0.06199579666475398 0.6063543904372503
0xa182 0.5163938074318675 0.03223632280821392 0.45136986975991866
0x4413 0.3119380732698428 0.06181676351195315 0.626245163218204
0x7444 0.4199045982870484 0.05109065746669817 0.5290047442462534
0xc1a4 0.5944123325612026 0.022549038116634258 0.3830386293221631
0xc2a4 0.5944123325612026 0.022549038116634258 0.3830386293221631
0x8311 0.3651701304803591 0.05161846475478034 0.5832114047648606
0xb2a1 0.5690623165140808 0.024569160520990837 0.4063685229649284
0x4222 0.36758676696928316 0.058685714018738996 0.5737275190119778
0xb162 0.49904364588321243 0.03722602709684777 0.4637303270199398
0xa411 0.4204926571306907 0.04598403802414639 0.5335233048451629
0xd132 0.5473287043631963 0.0399361438012819 0.41273515183552184
0x6362 0.6572535365167849 0.01021338286106358 0.3325330806221516
0x9111 0.42540160854519254 0.04598643746456618 0.5286119539902413
0xa281 0.5163938074318675 0.03223632280821392 0.45136986975991866
0xa434 0.46868667942045766 0.04403570908923096 0.48727761149031135
0xc314 0.48422782260102204 0.041718830301161476 0.4740533470978165
0xb114 0.4510993017451984 0.04371013415317631 0.5051905641016253
0xc161 0.5584632091841025 0.033828331741969905 0.40770845907392755
0x9254 0.43848124622539847 0.044877573236566236 0.5166411805380353
0x4223 0.3316498128979958 0.06199579666475398 0.6063543904372503
0x6314 0.3171027998842853 0.05746734653831258 0.6254298535774021
0x4113 0.3119380732698428 0.06181676351195315 0.626245163218204
0x7312 0.3408682966080217 0.05481688879964286 0.6043148145923354
0xd233 0.5473287043631963 0.0399361438012819 0.41273515183552184
0xc491 0.5849428410671308 0.024892620631354608 0.39016453830151465
0x8321 0.3742791381122292 0.05183201066146751 0.5738888512263033
0x9341 0.4185747552742399 0.047869480452736694 0.5335557642730234
0x6142 0.3767468422067338 0.056745692782761634 0.5665074650105045
0xd133 0.5473287043631963 0.0399361438012819 0.41273515183552184
0x5222 0.36685429737729197 0.056962604008328865 0.5761830986143792
0x4321 0.3316498128979958 0.06199579666475398 0.6063543904372503
0xb332 0.4692476540976607 0.044058373861135855 0.48669397204120346
0x9112 0.39239114702310157 0.04858471774323499 0.5590241352336635
0x4114 0.3119380732698428 0.06181676351195315 0.626245163218204
0x6213 0.3171027998842853 0.05746734653831258 0.6254298535774021
0xb273 0.5193052192143642 0.033385403049735016 0.4473093777359008
0x9161 0.48651233587932413 0.03975607897968146 0.4737315851409944
0x8424 0.4080678926744078 0.04914937048180077 0.5427827368437914
0xa244 0.4490464791584786 0.04552480619977647 0.5054287146417449
0xa181 0.5411198445402886 0.031009722000537383 0.427870433459174
0x6223 0.3371791066663539 0.05768692656329765 0.6051339667703485
0xc222 0.5207012701921516 0.03969698876663327 0.4396017410412151
0x6451 0.3965381185412241 0.053378700539728687 0.5500831809190472
0x9443 0.4185747552742399 0.047869480452736694 0.5335557642730234
0xd212 0.5550626052287874 0.03745274680387671 0.40748464796733597
0x9473 0.47818105062785915 0.03806337221065647 0.4837555771614844
0x7332 0.36709171945626284 0.05475239043000375 0.5781558901137334
0xd122 0.5385531202641682 0.03978580620149273 0.421661073534339
0xd4d2 0.8493191548477659 0.005435956346488922 0.14524488880574515
0xd344 0.5574229399662199 0.03908480727530549 0.4034922527584745
0x9122 0.40155186014079897 0.04878729668639805 0.549660843172803
0x8382 0.7166565196986764 0.00783199950571432 0.2755114807956092
0x7461 0.42693294162337375 0.04715036200895854 0.5259166963676677
0xd483 0.5944974132954839 0.026461301168913168 0.37904128553560296
0xa351 0.45713538993934133 0.04261468114282968 0.500249928917829
0xc434 0.5288884350308957 0.03991586130709958 0.4311957036620047
0xb282 0.5622279631444426 0.02883050806732583 0.4089415287882316
0x7333 0.40102778478587914 0.051976976337026554 0.5469952388770943
0x8413 0.3651701304803591 0.05161846475478034 0.5832114047648606
0x7212 0.37679222133166895 0.051848246096296846 0.5713595325720342
0x5233 0.3500298874069853 0.060149990055170445 0.5898201225378442
0xb192 0.559473896109617 0.026867859722029142 0.41365824416835384
0xb393 0.5817063978339914 0.025938390493696426 0.39235521167231224
0xa342 0.4490464791584786 0.04552480619977647 0.5054287146417449
0x7234 0.36709171945626284 0.05475239043000375 0.5781558901137334
0x6422 0.3371791066663539 0.05768692656329765 0.6051339667703485
0x8441 0.40136720382095037 0.05064844865426338 0.5479843475247863
0xc361 0.5341732809794789 0.03540044148178151 0.4304262775387395
0xd272 0.6050780917025796 0.028720029401607304 0.36620187889581307
0xa243 0.4490464791584786 0.04552480619977647 0.5054287146417449
0x3412 0.3011740662682251 0.06164686997216401 0.6371790637596109
0x8252 0.45151166939458204 0.04554247662679009 0.5029458539786279
0xd271 0.583741555237855 0.02996899129679624 0.3862894534653488
0x8323 0.4080678926744078 0.04914937048180077 0.5427827368437914
0xc233 0.5022515437369408 0.042046354633575464 0.45570210162948366
0x7441 0.3874127095684516 0.053725100501894475 0.5588621899296539
0x9483 0.49815695610792743 0.03431953576429591 0.46752350812777665
0x5112 0.3107865568787995 0.059929652964541294 0.6292837901566591
0x5234 0.3500298874069853 0.060149990055170445 0.5898201225378442
0x8482 0.7166565196986764 0.00783199950571432 0.2755114807956092
0x5423 0.33069789295473184 0.060156833203945666 0.6091452738413224
0xb3a1 0.5690623165140808 0.024569160520990837 0.4063685229649284
0x7231 0.36709171945626284 0.05475239043000375 0.5781558901137334
0xd374 0.583741555237855 0.02996899129679624 0.3862894534653488
0xc2a1 0.5944123325612026 0.022549038116634258 0.3830386293221631
0x7362 0.42693294162337375 0.04715036200895854 0.5259166963676677
0x5311 0.3107865568787995 0.059929652964541294 0.6292837901566591
0x5414 0.3483754772898423 0.05662832758478325 0.5949961951253745
0x9214 0.39239114702310157 0.04858471774323499 0.5590241352336635
0xa142 0.4490464791584786 0.04552480619977647 0.5054287146417449
0xb482 0.5386200390508571 0.02996862039183963 0.4314113405573033
0xc363 0.5584632091841025 0.033828331741969905 0.40770845907392755
0xd324 0.5385531202641682 0.03978580620149273 0.421661073534339
0xc194 0.5849428410671308 0.024892620631354608 0.39016453830151465
0x7422 0.3474984920663525 0.054679267805011166 0.5978222401286363
0xd181 0.6150967375428853 0.025430803246648363 0.35947245921046633
0xd1c3 0.644693779342253 0.01701387708953455 0.3382923435682125
0x7153 0.4069658448976541 0.050886347474823755 0.5421478076275221
0xc153 0.5229712047126478 0.0385231694505515 0.4385056258368007
0xd414 0.5550626052287874 0.03745274680387671 0.40748464796733597
0xc182 0.5640764356929945 0.02808562174063694 0.4078379425663686
0xc111 0.5123995219426037 0.03943552270233914 0.4481649553550571
0xa214 0.4204926571306907 0.04598403802414639 0.5335233048451629
0x2321 0.5283923663373908 0.017076795060804575 0.45453083860180465
0x5444 0.40348187504755495 0.05570397427044711 0.5408141506819979
0xc322 0.4933126422716088 0.04188850835375218 0.464798849374639
0xa471 0.49713657416544954 0.03553011185692565 0.4673333139776248
0xd492 0.6156808422917845 0.023071408166888543 0.36124774954132693
0x9422 0.40155186014079897 0.04878729668639805 0.549660843172803
0x8233 0.38085795608294615 0.051705158305858714 0.5674368856111951
0xb164 0.49904364588321243 0.03722602709684777 0.4637303270199398
0x9182 0.49815695610792743 0.03431953576429591 0.46752350812777665
0x8322 0.3742791381122292 0.05183201066146751 0.5738888512263033
0x9451 0.43848124622539847 0.044877573236566236 0.5166411805380353
0xc3c2 0.8211733516325825 0.005566892470553102 0.1732597558968644
0xa262 0.5045445797246378 0.037406464253629576 0.45804895602173257
0x7251 0.4069658448976541 0.050886347474823755 0.5421478076275221
0x8341 0.40136720382095037 0.05064844865426338 0.5479843475247863
0xa134 0.4386873487656493 0.046352993107651494 0.5149596581266992
0xd291 0.6156808422917845 0.023071408166888543 0.36124774954132693
0xd184 0.5944974132954839 0.026461301168913168 0.37904128553560296
0xb241 0.47958999937260804 0.04322165709274207 0.47718834353464984
0xc424 0.5207012701921516 0.03969698876663327 0.4396017410412151
0xd381 0.5944974132954839 0.026461301168913168 0.37904128553560296
0x9222 0.43378483383934685 0.04628057272302019 0.5199345934376329
0x8363 0.4699028972730572 0.042548827396851716 0.4875482753300911
0xc371 0.5443163353980058 0.0317707803554242 0.42391288424657
0x8342 0.40136720382095037 0.05064844865426338 0.5479843475247863
0x8344 0.40136720382095037 0.05064844865426338 0.5479843475247863
0x9373 0.5050914776529287 0.03650445915478293 0.4584040631922884
0x5221 0.33069789295473184 0.060156833203945666 0.6091452738413224
0x9263 0.45829763587659716 0.041567438625717996 0.5001349254976849
0xa474 0.5231165308048485 0.03407982198850443 0.44280364720664706
0x8471 0.4606833213480498 0.040574012606191805 0.4987426660457584
0x5452 0.6270002360824352 0.01169449216627755 0.36130527175128735
0xc151 0.5480467143827789 0.03672128170641452 0.4152320039108066
0xd172 0.583741555237855 0.02996899129679624 0.3862894534653488
0x7451 0.4069658448976541 0.050886347474823755 0.5421478076275221
0x9234 0.4105538860065092 0.048974388202285654 0.5404717257912051
0xc461 0.5341732809794789 0.03540044148178151 0.4304262775387395
0xd3c3 0.6621960772367143 0.016500491711275378 0.3213034310520104
0x8111 0.3997295459265196 0.04884434549196014 0.5514261085815202
0x6333 0.3910890851729361 0.05480806717327135 0.5541028476537926
0xc3a1 0.5944123325612026 0.022549038116634258 0.3830386293221631
0x4131 0.38532531606537157 0.05841777523388466 0.5562569087007437
0xa491 0.5382600514766499 0.028433958703880734 0.4333059898194694
0xa231 0.4386873487656493 0.046352993107651494 0.5149596581266992
0x5144 0.3701275522122621 0.05863094165426662 0.5712415061334712
0x8212 0.3997295459265196 0.04884434549196014 0.5514261085815202
0x7361 0.42693294162337375 0.04715036200895854 0.5259166963676677
0xb343 0.5071345017697602 0.041119214287907296 0.45174628394233257
0x6231 0.35661728767979595 0.057761981421952345 0.5856207308982517
0x9144 0.4185747552742399 0.047869480452736694 0.5335557642730234
0xa371 0.49713657416544954 0.03553011185692565 0.4673333139776248
0xd361 0.5716951538836037 0.03343360067094704 0.3948712454454492
0x7254 0.4069658448976541 0.050886347474823755 0.5421478076275221
0x3414 0.339179443818006 0.058221406803407594 0.6025991493785864
0xa162 0.47726130597446836 0.03911606007020306 0.48362263395532856
0xb193 0.559473896109617 0.026867859722029142 0.41365824416835384
0x4212 0.34929535257042854 0.058395854655600925 0.5923087927739705
0xc1b3 0.6043225277945115 0.02047094536522315 0.37520652684026545
0x4234 0.3507482025411852 0.06160933658356679 0.587642460875248
0xb272 0.5441701864498217 0.032014286610559904 0.4238155269396184
0x6131 0.3910890851729361 0.05480806717327135 0.5541028476537926
0x5442 0.3701275522122621 0.05863094165426662 0.5712415061334712
0xd173 0.583741555237855 0.02996899129679624 0.3862894534653488
0xc493 0.5849428410671308 0.024892620631354608 0.39016453830151465
0xa4a1 0.7715297951098136 0.006329867803371173 0.22214033708681521
0xa464 0.5045445797246378 0.037406464253629576 0.45804895602173257
0x8433 0.38085795608294615 0.051705158305858714 0.5674368856111951
0xc433 0.5022515437369408 0.042046354633575464 0.45570210162948366
0x9411 0.39239114702310157 0.04858471774323499 0.5590241352336635
0xb1a1 0.590708761232747 0.02376658035736931 0.3855246584098837
0x6133 0.35661728767979595 0.057761981421952345 0.5856207308982517
0xc332 0.5022515437369408 0.042046354633575464 0.45570210162948366
0x5114 0.3107865568787995 0.059929652964541294 0.6292837901566591
0xc223 0.4933126422716088 0.04188850835375218 0.464798849374639
0xb421 0.4602489706672342 0.04389077916929113 0.4958602501634747
0x6452 0.3965381185412241 0.053378700539728687 0.5500831809190472
0xa3a2 0.7715297951098136 0.006329867803371173 0.22214033708681521
0xc3b1 0.6043225277945115 0.02047094536522315 0.37520652684026545
0x2413 0.2923944961327676 0.06127557027352191 0.6463299335937105
0x4232 0.38532531606537157 0.05841777523388466 0.5562569087007437
0xc1b2 0.6043225277945115 0.02047094536522315 0.37520652684026545
0xa251 0.45713538993934133 0.04261468114282968 0.500249928917829
0xc4b2 0.6043225277945115 0.02047094536522315 0.37520652684026545
0xc2a3 0.5944123325612026 0.022549038116634258 0.3830386293221631
0xa212 0.4520244083112459 0.04351423149923216 0.5044613601895219
0xa361 0.47726130597446836 0.03911606007020306 0.48362263395532856
0x7311 0.3408682966080217 0.05481688879964286 0.6043148145923354
0x6461 0.6572535365167849 0.01021338286106358 0.3325330806221516
0xb171 0.5441701864498217 0.032014286610559904 0.4238155269396184
0x7464 0.45684107828649917 0.04504464828007844 0.49811427343342235
0x2211 0.2923944961327676 0.06127557027352191 0.6463299335937105
0x9463 0.45829763587659716 0.041567438625717996 0.5001349254976849
0x6343 0.40979005063186374 0.05393063142897952 0.5362793179391567
0x6322 0.3371791066663539 0.05768692656329765 0.6051339667703485
0xb483 0.5386200390508571 0.02996862039183963 0.4314113405573033
0x7164 0.42693294162337375 0.04715036200895854 0.5259166963676677
0x9181 0.5237687347526121 0.03301310362397979 0.4432181616234081
0xb271 0.5193052192143642 0.033385403049735016 0.4473093777359008
0x4422 0.3316498128979958 0.06199579666475398 0.6063543904372503
0x8464 0.4699028972730572 0.042548827396851716 0.4875482753300911
0x8362 0.44072059777293027 0.04451493259541363 0.5147644696316561
0xb383 0.5622279631444426 0.02883050806732583 0.4089415287882316
0x5433 0.3500298874069853 0.060149990055170445 0.5898201225378442
0xc254 0.5229712047126478 0.0385231694505515 0.4385056258368007
0xd3c1 0.644693779342253 0.01701387708953455 0.3382923435682125
0xc192 0.5849428410671308 0.024892620631354608 0.39016453830151465
0xb261 0.49904364588321243 0.03722602709684777 0.4637303270199398
0x8314 0.3651701304803591 0.05161846475478034 0.5832114047648606
0xd2c3 0.644693779342253 0.01701387708953455 0.3382923435682125
0xb154 0.4899650081208162 0.04055102984764674 0.469483962031537
0xb112 0.4510993017451984 0.04371013415317631 0.5051905641016253
0xb464 0.525234864837085 0.035575534365345385 0.43918960079756963
0x9421 0.40155186014079897 0.04878729668639805 0.549660843172803
0x7253 0.4069658448976541 0.050886347474823755 0.5421478076275221
0xb373 0.5441701864498217 0.032014286610559904 0.4238155269396184
0xa271 0.49713657416544954 0.03553011185692565 0.4673333139776248
0xa373 0.5231165308048485 0.03407982198850443 0.44280364720664706
0x9153 0.43848124622539847 0.044877573236566236 0.5166411805380353
0xa494 0.5615478092675132 0.027461523616538815 0.41099066711594795
0xd252 0.5817889794888605 0.03453860186184753 0.3836724186492919
0x3223 0.320663049818924 0.06159176817925331 0.6177451820018227
0xd262 0.5938667242189114 0.03194572258864581 0.37418755319244285
0xa261 0.47726130597446836 0.03911606007020306 0.48362263395532856
0xa323 0.46041750167956064 0.04379747702629955 0.4957850212941398
0x6334 0.35661728767979595 0.057761981421952345 0.5856207308982517
0xa443 0.4490464791584786 0.04552480619977647 0.5054287146417449
0x9164 0.45829763587659716 0.041567438625717996 0.5001349254976849
0xd242 0.5806411940774965 0.037176124170970215 0.38218268175153336
0x8243 0.40136720382095037 0.05064844865426338 0.5479843475247863
0x9141 0.4493902532279696 0.04554467297529277 0.5050650737967376
0x9371 0.47818105062785915 0.03806337221065647 0.4837555771614844
0x4424 0.36758676696928316 0.058685714018738996 0.5737275190119778
0xc471 0.5443163353980058 0.0317707803554242 0.42391288424657
0xd2a2 0.6439762064947079 0.01990116765457059 0.33612262585072156
0x7443 0.3874127095684516 0.053725100501894475 0.5588621899296539
0x3323 0.357273581116914 0.05829180532695796 0.584434613556128
0xc311 0.48422782260102204 0.041718830301161476 0.4740533470978165
0xb243 0.47958999937260804 0.04322165709274207 0.47718834353464984
0x9474 0.5050914776529287 0.03650445915478293 0.4584040631922884
0xa472 0.49713657416544954 0.03553011185692565 0.4673333139776248
0x6134 0.35661728767979595 0.057761981421952345 0.5856207308982517
0xa152 0.45713538993934133 0.04261468114282968 0.500249928917829
0xd454 0.5817889794888605 0.03453860186184753 0.3836724186492919
0xa492 0.5382600514766499 0.028433958703880734 0.4333059898194694
0xd411 0.5294730546607116 0.039625064193255025 0.4309018811460334
0xa352 0.45713538993934133 0.04261468114282968 0.500249928917829
0x8422 0.3742791381122292 0.05183201066146751 0.5738888512263033
0x8423 0.3742791381122292 0.05183201066146751 0.5738888512263033
0x7334 0.36709171945626284 0.05475239043000375 0.5781558901137334
0x8352 0.42103393046170895 0.04775904421701964 0.5312070253212714
0x8224 0.3742791381122292 0.05183201066146751 0.5738888512263033
0x4111 0.34929535257042854 0.058395854655600925 0.5923087927739705
0x2422 0.5283923663373908 0.017076795060804575 0.45453083860180465
0xd1c4 0.644693779342253 0.01701387708953455 0.3382923435682125
0xd422 0.5385531202641682 0.03978580620149273 0.421661073534339
0x2214 0.2923944961327676 0.06127557027352191 0.6463299335937105
0xd251 0.5587030559707975 0.0362429339745317 0.40505401005467084
0x7242 0.4199045982870484 0.05109065746669817 0.5290047442462534
0xa374 0.49713657416544954 0.03553011185692565 0.4673333139776248
0xa452 0.45713538993934133 0.04261468114282968 0.500249928917829
0xd332 0.5473287043631963 0.0399361438012819 0.41273515183552184
0xc131 0.5288884350308957 0.03991586130709958 0.4311957036620047
0x9492 0.7466026488525498 0.007030301314033308 0.24636704983341695
0xa163 0.47726130597446836 0.03911606007020306 0.48362263395532856
0x8263 0.44072059777293027 0.04451493259541363 0.5147644696316561
0xa4a2 0.7715297951098136 0.006329867803371173 0.22214033708681521
0x8421 0.3742791381122292 0.05183201066146751 0.5738888512263033
0xa394 0.5382600514766499 0.028433958703880734 0.4333059898194694
0xc451 0.5229712047126478 0.0385231694505515 0.4385056258368007
0x8244 0.40136720382095037 0.05064844865426338 0.5479843475247863
0xd1b1 0.6531369868329694 0.01790327428030613 0.3289597388867245
0xd484 0.6150967375428853 0.025430803246648363 0.35947245921046633
0x4123 0.3316498128979958 0.06199579666475398 0.6063543904372503
0xa221 0.42966762386843 0.046175650003785325 0.5241567261277846
0xc181 0.5863813945111025 0.027006721198276636 0.38661188429062093
0xb321 0.4602489706672342 0.04389077916929113 0.4958602501634747
0x5121 0.36685429737729197 0.056962604008328865 0.5761830986143792
0xd124 0.5385531202641682 0.03978580620149273 0.421661073534339
0xb2b1 0.7963199000902186 0.005863481041226515 0.1978166188685549
0x4431 0.3507482025411852 0.06160933658356679 0.587642460875248
0xc282 0.5863813945111025 0.027006721198276636 0.38661188429062093
0x9352 0.43848124622539847 0.044877573236566236 0.5166411805380353
0xb174 0.5193052192143642 0.033385403049735016 0.4473093777359008
0xc394 0.5849428410671308 0.024892620631354608 0.39016453830151465
0xa272 0.5231165308048485 0.03407982198850443 0.44280364720664706
0xc214 0.48422782260102204 0.041718830301161476 0.4740533470978165
0xd231 0.5473287043631963 0.0399361438012819 0.41273515183552184
0x4312 0.3119380732698428 0.06181676351195315 0.626245163218204
0x2114 0.2923944961327676 0.06127557027352191 0.6463299335937105
0x5451 0.6270002360824352 0.01169449216627755 0.36130527175128735
0x9334 0.4105538860065092 0.048974388202285654 0.5404717257912051
0xc191 0.6058706507579905 0.024029861853636137 0.37009948738837334
0xc122 0.4933126422716088 0.04188850835375218 0.464798849374639
0xc2b1 0.6043225277945115 0.02047094536522315 0.37520652684026545
0xd4c1 0.644693779342253 0.01701387708953455 0.3382923435682125
0xb454 0.5167924415862832 0.03866644555391747 0.44454111285979925
0x5351 0.6270002360824352 0.01169449216627755 0.36130527175128735
0x8324 0.3742791381122292 0.05183201066146751 0.5738888512263033
0xd244 0.5574229399662199 0.03908480727530549 0.4034922527584745
0xd4c2 0.644693779342253 0.01701387708953455 0.3382923435682125
0xb4a3 0.5690623165140808 0.024569160520990837 0.4063685229649284
0xd293 0.6156808422917845 0.023071408166888543 0.36124774954132693
0xd314 0.5294730546607116 0.039625064193255025 0.4309018811460334
0x4214 0.3119380732698428 0.06181676351195315 0.626245163218204
0xa383 0.5411198445402886 0.031009722000537383 0.427870433459174
0x8142 0.40136720382095037 0.05064844865426338 0.5479843475247863
0x9261 0.45829763587659716 0.041567438625717996 0.5001349254976849
0x7154 0.4069658448976541 0.050886347474823755 0.5421478076275221
0xa482 0.5163938074318675 0.03223632280821392 0.45136986975991866
0xc251 0.5229712047126478 0.0385231694505515 0.4385056258368007
0x8173 0.4606833213480498 0.040574012606191805 0.4987426660457584
0x7111 0.37679222133166895 0.051848246096296846 0.5713595325720342
0xd121 0.5633505360768477 0.03770533975370767 0.39894412416944464
0xd221 0.5385531202641682 0.03978580620149273 0.421661073534339
0x9284 0.49815695610792743 0.03431953576429591 0.46752350812777665
0x7431 0.36709171945626284 0.05475239043000375 0.5781558901137334
0xb4b3 0.7963199000902186 0.005863481041226515 0.1978166188685549
0xd232 0.5713779929598616 0.03791673364885999 0.3907052733912784
0x4423 0.3316498128979958 0.06199579666475398 0.6063543904372503
0xc423 0.4933126422716088 0.04188850835375218 0.464798849374639
0xc243 0.5125391743331482 0.041201108004662916 0.4462597176621889
0xb411 0.4510993017451984 0.04371013415317631 0.5051905641016253
0x7452 0.4069658448976541 0.050886347474823755 0.5421478076275221
0xb184 0.5386200390508571 0.02996862039183963 0.4314113405573033
0xb181 0.5622279631444426 0.02883050806732583 0.4089415287882316
0x7371 0.6871738243695427 0.00891306064095809 0.3039131149894993
0xa164 0.47726130597446836 0.03911606007020306 0.48362263395532856
0x3413 0.3011740662682251 0.06164686997216401 0.6371790637596109
0x9211 0.39239114702310157 0.04858471774323499 0.5590241352336635
0xc284 0.5640764356929945 0.02808562174063694 0.4078379425663686
0xc321 0.4933126422716088 0.04188850835375218 0.464798849374639
0x6111 0.3543983783348789 0.05432111282547387 0.5912805088396472
0x4434 0.38532531606537157 0.05841777523388466 0.5562569087007437
0xd211 0.5294730546607116 0.039625064193255025 0.4309018811460334
0x5111 0.3483754772898423 0.05662832758478325 0.5949961951253745
0xb344 0.47958999937260804 0.04322165709274207 0.47718834353464984
0x8154 0.42103393046170895 0.04775904421701964 0.5312070253212714
0x8234 0.38085795608294615 0.051705158305858714 0.5674368856111951
0x9251 0.43848124622539847 0.044877573236566236 0.5166411805380353
0x3324 0.320663049818924 0.06159176817925331 0.6177451820018227
0x4134 0.3507482025411852 0.06160933658356679 0.587642460875248
0x1211 0.49385176025390115 0.018976861060910222 0.48717137868518867
0xa264 0.47726130597446836 0.03911606007020306 0.48362263395532856
0xd1a3 0.625351750909766 0.020561656417675975 0.35408659267255804
0xd494 0.6348891518595496 0.02226943203486087 0.3428414161055895
0x5441 0.3701275522122621 0.05863094165426662 0.5712415061334712
0xd163 0.5716951538836037 0.03343360067094704 0.3948712454454492
0x8112 0.3651701304803591 0.05161846475478034 0.5832114047648606
0x6244 0.3767468422067338 0.056745692782761634 0.5665074650105045
0x6251 0.3965381185412241 0.053378700539728687 0.5500831809190472
0xb351 0.4899650081208162 0.04055102984764674 0.469483962031537
0xd442 0.5574229399662199 0.03908480727530549 0.4034922527584745
0xc211 0.48422782260102204 0.041718830301161476 0.4740533470978165
0xb4a1 0.5690623165140808 0.024569160520990837 0.4063685229649284
0xb144 0.47958999937260804 0.04322165709274207 0.47718834353464984
0x3212 0.339179443818006 0.058221406803407594 0.6025991493785864
0x4221 0.3316498128979958 0.06199579666475398 0.6063543904372503
0xd224 0.5385531202641682 0.03978580620149273 0.421661073534339
0xb394 0.559473896109617 0.026867859722029142 0.41365824416835384
0xc173 0.5443163353980058 0.0317707803554242 0.42391288424657
0x8453 0.42103393046170895 0.04775904421701964 0.5312070253212714
0xd3b1 0.6350878734865123 0.018461040486612047 0.34645108602687563
0xd353 0.5817889794888605 0.03453860186184753 0.3836724186492919
0x2312 0.2923944961327676 0.06127557027352191 0.6463299335937105
0x6254 0.3965381185412241 0.053378700539728687 0.5500831809190472
0xb231 0.4692476540976607 0.044058373861135855 0.48669397204120346
0x5231 0.3500298874069853 0.060149990055170445 0.5898201225378442
0x7123 0.3474984920663525 0.054679267805011166 0.5978222401286363
0xa254 0.45713538993934133 0.04261468114282968 0.500249928917829
0x7411 0.3408682966080217 0.05481688879964286 0.6043148145923354
0xc453 0.5229712047126478 0.0385231694505515 0.4385056258368007
0x9231 0.4105538860065092 0.048974388202285654 0.5404717257912051
0x7313 0.37679222133166895 0.051848246096296846 0.5713595325720342
0xc362 0.5341732809794789 0.03540044148178151 0.4304262775387395
0xb461 0.49904364588321243 0.03722602709684777 0.4637303270199398
0x9453 0.43848124622539847 0.044877573236566236 0.5166411805380353
0xa133 0.4386873487656493 0.046352993107651494 0.5149596581266992
0xc264 0.5341732809794789 0.03540044148178151 0.4304262775387395
0xc484 0.5863813945111025 0.027006721198276636 0.38661188429062093
0xb163 0.49904364588321243 0.03722602709684777 0.4637303270199398
0xc3a3 0.6147655670907951 0.021815668436522145 0.3634187644726828
0xd2c2 0.6621960772367143 0.016500491711275378 0.3213034310520104
0x2112 0.2923944961327676 0.06127557027352191 0.6463299335937105
0x8351 0.42103393046170895 0.04775904421701964 0.5312070253212714
0xa321 0.42966762386843 0.046175650003785325 0.5241567261277846
0xc342 0.5125391743331482 0.041201108004662916 0.4462597176621889
0x7343 0.4199045982870484 0.05109065746669817 0.5290047442462534
0x5334 0.3500298874069853 0.060149990055170445 0.5898201225378442
0xc272 0.5679041009502223 0.030438796772878973 0.40165710227689877
0xc4c1 0.8211733516325825 0.005566892470553102 0.1732597558968644
0x9154 0.43848124622539847 0.044877573236566236 0.5166411805380353
0x3114 0.3011740662682251 0.06164686997216401 0.6371790637596109
0xa462 0.47726130597446836 0.03911606007020306 0.48362263395532856
0x7214 0.3408682966080217 0.05481688879964286 0.6043148145923354
0x9391 0.7466026488525498 0.007030301314033308 0.24636704983341695
0x6424 0.3730355643504844 0.05464758880313261 0.572316846846383
0xd423 0.5385531202641682 0.03978580620149273 0.421661073534339
0x6252 0.42829476589222853 0.050845801079381095 0.5208594330283903
0xd241 0.5574229399662199 0.03908480727530549 0.4034922527584745
0x8222 0.4080678926744078 0.04914937048180077 0.5427827368437914
0xb123 0.4602489706672342 0.04389077916929113 0.4958602501634747
0x8174 0.4606833213480498 0.040574012606191805 0.4987426660457584
0xb291 0.559473896109617 0.026867859722029142 0.41365824416835384
0xd343 0.5806411940774965 0.037176124170970215 0.38218268175153336
0xd463 0.5716951538836037 0.03343360067094704 0.3948712454454492
0x2221 0.5283923663373908 0.017076795060804575 0.45453083860180465
0x8364 0.44072059777293027 0.04451493259541363 0.5147644696316561
0x9363 0.48651233587932413 0.03975607897968146 0.4737315851409944
0xa343 0.478209446310411 0.04331809762561712 0.4784724560639719
0x5332 0.3500298874069853 0.060149990055170445 0.5898201225378442
0xd4b3 0.6350878734865123 0.018461040486612047 0.34645108602687563
0xd213 0.5294730546607116 0.039625064193255025 0.4309018811460334
0xc273 0.5443163353980058 0.0317707803554242 0.42391288424657
0xd441 0.5574229399662199 0.03908480727530549 0.4034922527584745
0xd4b1 0.6350878734865123 0.018461040486612047 0.34645108602687563
0xc392 0.5849428410671308 0.024892620631354608 0.39016453830151465
0xc291 0.5849428410671308 0.024892620631354608 0.39016453830151465
0xc4a2 0.5944123325612026 0.022549038116634258 0.3830386293221631
0x7423 0.3474984920663525 0.054679267805011166 0.5978222401286363
0xd354 0.5587030559707975 0.0362429339745317 0.40505401005467084
0x8131 0.4140712268143879 0.04909696275561216 0.53683181043
0xa331 0.4386873487656493 0.046352993107651494 0.5149596581266992
0x8161 0.4699028972730572 0.042548827396851716 0.4875482753300911
0xc2c1 0.8211733516325825 0.005566892470553102 0.1732597558968644
0xc242 0.5383385212353099 0.03918131026132876 0.42248016850336134
0xd452 0.5587030559707975 0.0362429339745317 0.40505401005467084
0x8124 0.3742791381122292 0.05183201066146751 0.5738888512263033
0x4331 0.3507482025411852 0.06160933658356679 0.587642460875248
0xc2b3 0.6043225277945115 0.02047094536522315 0.37520652684026545
0x3112 0.3011740662682251 0.06164686997216401 0.6371790637596109
0xc283 0.5640764356929945 0.02808562174063694 0.4078379425663686
0x9272 0.5050914776529287 0.03650445915478293 0.4584040631922884
0xa441 0.4490464791584786 0.04552480619977647 0.5054287146417449
0xc452 0.5229712047126478 0.0385231694505515 0.4385056258368007
0xd413 0.5294730546607116 0.039625064193255025 0.4309018811460334
0x5113 0.3107865568787995 0.059929652964541294 0.6292837901566591
0x7262 0.45684107828649917 0.04504464828007844 0.49811427343342235
0xc174 0.5443163353980058 0.0317707803554242 0.42391288424657
0x9162 0.45829763587659716 0.041567438625717996 0.5001349254976849
0x7151 0.4381851119894598 0.048495161358911854 0.5133197266516283
0xb354 0.4899650081208162 0.04055102984764674 0.469483962031537
0xa111 0.4520244083112459 0.04351423149923216 0.5044613601895219
0xd284 0.5944974132954839 0.026461301168913168 0.37904128553560296
0xd382 0.5944974132954839 0.026461301168913168 0.37904128553560296
0xc183 0.5640764356929945 0.02808562174063694 0.4078379425663686
0x9481 0.49815695610792743 0.03431953576429591 0.46752350812777665
0x6222 0.3730355643504844 0.05464758880313261 0.572316846846383
0x5323 0.36685429737729197 0.056962604008328865 0.5761830986143792
0xd113 0.5294730546607116 0.039625064193255025 0.4309018811460334
0x7144 0.3874127095684516 0.053725100501894475 0.5588621899296539
0xd4b4 0.6531369868329694 0.01790327428030613 0.3289597388867245
0xa193 0.5382600514766499 0.028433958703880734 0.4333059898194694
0xb141 0.5071345017697602 0.041119214287907296 0.45174628394233257
0x3124 0.320663049818924 0.06159176817925331 0.6177451820018227
0xd342 0.5574229399662199 0.03908480727530549 0.4034922527584745
0xb233 0.4692476540976607 0.044058373861135855 0.48669397204120346
0x4213 0.3119380732698428 0.06181676351195315 0.626245163218204
0xb3b2 0.7963199000902186 0.005863481041226515 0.1978166188685549
0x8454 0.45151166939458204 0.04554247662679009 0.5029458539786279
0x3214 0.3011740662682251 0.06164686997216401 0.6371790637596109
0x8374 0.4606833213480498 0.040574012606191805 0.4987426660457584
0xa234 0.4386873487656493 0.046352993107651494 0.5149596581266992
0xa161 0.5045445797246378 0.037406464253629576 0.45804895602173257
0x9133 0.4105538860065092 0.048974388202285654 0.5404717257912051
0xa132 0.4386873487656493 0.046352993107651494 0.5149596581266992
0xb194 0.559473896109617 0.026867859722029142 0.41365824416835384
0xb412 0.4510993017451984 0.04371013415317631 0.5051905641016253
0xa284 0.5163938074318675 0.03223632280821392 0.45136986975991866
0x7213 0.3408682966080217 0.05481688879964286 0.6043148145923354
0x3224 0.320663049818924 0.06159176817925331 0.6177451820018227
0x8211 0.3651701304803591 0.05161846475478034 0.5832114047648606
0x8451 0.42103393046170895 0.04775904421701964 0.5312070253212714
0x4241 0.596400354047374 0.013697702162747755 0.38990194378987825
0x2412 0.2923944961327676 0.06127557027352191 0.6463299335937105
0xb211 0.4510993017451984 0.04371013415317631 0.5051905641016253
0xc431 0.5022515437369408 0.042046354633575464 0.45570210162948366
0x5321 0.33069789295473184 0.060156833203945666 0.6091452738413224
0x3221 0.320663049818924 0.06159176817925331 0.6177451820018227
0xc294 0.5849428410671308 0.024892620631354608 0.39016453830151465
0x8411 0.3651701304803591 0.05161846475478034 0.5832114047648606
0xb424 0.4893840932498921 0.04161674324090077 0.4689991635092071
0x6441 0.3767468422067338 0.056745692782761634 0.5665074650105045
0x8463 0.44072059777293027 0.04451493259541363 0.5147644696316561
0xa151 0.4857424473167172 0.04063324822542478 0.473624304457858
0xa122 0.42966762386843 0.046175650003785325 0.5241567261277846
0xa322 0.42966762386843 0.046175650003785325 0.5241567261277846
0xc281 0.5640764356929945 0.02808562174063694 0.4078379425663686
0x8333 0.4140712268143879 0.04909696275561216 0.53683181043
0xd481 0.5944974132954839 0.026461301168913168 0.37904128553560296
0xd471 0.583741555237855 0.02996899129679624 0.3862894534653488
0x4124 0.3316498128979958 0.06199579666475398 0.6063543904372503
0xc344 0.5125391743331482 0.041201108004662916 0.4462597176621889
0xa253 0.45713538993934133 0.04261468114282968 0.500249928917829
0xc292 0.6058706507579905 0.024029861853636137 0.37009948738837334
0xa282 0.5411198445402886 0.031009722000537383 0.427870433459174
0x9471 0.47818105062785915 0.03806337221065647 0.4837555771614844
0xa433 0.4386873487656493 0.046352993107651494 0.5149596581266992
0xc382 0.5640764356929945 0.02808562174063694 0.4078379425663686
0xd433 0.5473287043631963 0.0399361438012819 0.41273515183552184
0x7354 0.4069658448976541 0.050886347474823755 0.5421478076275221
0xc391 0.5849428410671308 0.024892620631354608 0.39016453830151465
0xd1b4 0.6350878734865123 0.018461040486612047 0.34645108602687563
0x9262 0.48651233587932413 0.03975607897968146 0.4737315851409944
0xd434 0.5713779929598616 0.03791673364885999 0.3907052733912784
0xb462 0.49904364588321243 0.03722602709684777 0.4637303270199398
0x7352 0.4069658448976541 0.050886347474823755 0.5421478076275221
0xa324 0.42966762386843 0.046175650003785325 0.5241567261277846
0x9432 0.4105538860065092 0.048974388202285654 0.5404717257912051
0x9332 0.4105538860065092 0.048974388202285654 0.5404717257912051
0x9163 0.45829763587659716 0.041567438625717996 0.5001349254976849
0x6113 0.3171027998842853 0.05746734653831258 0.6254298535774021
0x9152 0.43848124622539847 0.044877573236566236 0.5166411805380353
0x9354 0.43848124622539847 0.044877573236566236 0.5166411805380353
0x4112 0.3119380732698428 0.06181676351195315 0.626245163218204
0x6431 0.35661728767979595 0.057761981421952345 0.5856207308982517
0x7331 0.36709171945626284 0.05475239043000375 0.5781558901137334
0xb434 0.4976303726155054 0.04184529554259963 0.46052433184189495
0x8213 0.3651701304803591 0.05161846475478034 0.5832114047648606
0x7434 0.40102778478587914 0.051976976337026554 0.5469952388770943
0x8122 0.3742791381122292 0.05183201066146751 0.5738888512263033
0xa391 0.5382600514766499 0.028433958703880734 0.4333059898194694
0xc2a2 0.6147655670907951 0.021815668436522145 0.3634187644726828
0x9414 0.42540160854519254 0.04598643746456618 0.5286119539902413
0x8153 0.42103393046170895 0.04775904421701964 0.5312070253212714
0xb342 0.47958999937260804 0.04322165709274207 0.47718834353464984
0xb312 0.4510993017451984 0.04371013415317631 0.5051905641016253
0x9123 0.40155186014079897 0.04878729668639805 0.549660843172803
0xc354 0.5229712047126478 0.0385231694505515 0.4385056258368007
0x4224 0.3316498128979958 0.06199579666475398 0.6063543904372503
0xb263 0.49904364588321243 0.03722602709684777 0.4637303270199398
0xa294 0.5382600514766499 0.028433958703880734 0.4333059898194694
0xb293 0.559473896109617 0.026867859722029142 0.41365824416835384
0x9324 0.40155186014079897 0.04878729668639805 0.549660843172803
0xc253 0.5229712047126478 0.0385231694505515 0.4385056258368007
0xc3b2 0.6043225277945115 0.02047094536522315 0.37520652684026545
0xa123 0.42966762386843 0.046175650003785325 0.5241567261277846
0x9174 0.47818105062785915 0.03806337221065647 0.4837555771614844
0x7222 0.38282562499392153 0.051818832093709855 0.5653555429123686
0xc262 0.5584632091841025 0.033828331741969905 0.40770845907392755
0x9351 0.43848124622539847 0.044877573236566236 0.5166411805380353
0x9281 0.49815695610792743 0.03431953576429591 0.46752350812777665
0x9491 0.7466026488525498 0.007030301314033308 0.24636704983341695
0xd3a2 0.625351750909766 0.020561656417675975 0.35408659267255804
0xd4c4 0.6621960772367143 0.016500491711275378 0.3213034310520104
0xd373 0.6050780917025796 0.028720029401607304 0.36620187889581307
0xd2b2 0.6531369868329694 0.01790327428030613 0.3289597388867245
0xd1b2 0.6350878734865123 0.018461040486612047 0.34645108602687563
0x7432 0.36709171945626284 0.05475239043000375 0.5781558901137334
0xb173 0.5193052192143642 0.033385403049735016 0.4473093777359008
0x6352 0.3965381185412241 0.053378700539728687 0.5500831809190472
0x6112 0.3171027998842853 0.05746734653831258 0.6254298535774021
0xc341 0.5125391743331482 0.041201108004662916 0.4462597176621889
0xb172 0.5193052192143642 0.033385403049735016 0.4473093777359008
0xc134 0.5022515437369408 0.042046354633575464 0.45570210162948366
0xb212 0.4810181588964462 0.04134438744522001 0.4776374536583338
0xb182 0.5386200390508571 0.02996862039183963 0.4314113405573033
0x4432 0.3507482025411852 0.06160933658356679 0.587642460875248
0xc142 0.5125391743331482 0.041201108004662916 0.4462597176621889
0xa332 0.4386873487656493 0.046352993107651494 0.5149596581266992
0xb324 0.4602489706672342 0.04389077916929113 0.4958602501634747
0x5132 0.3500298874069853 0.060149990055170445 0.5898201225378442
0xa483 0.5163938074318675 0.03223632280821392 0.45136986975991866
0xb423 0.4602489706672342 0.04389077916929113 0.4958602501634747
0xc141 0.5383385212353099 0.03918131026132876 0.42248016850336134
0xa171 0.5231165308048485 0.03407982198850443 0.44280364720664706
0xa424 0.46041750167956064 0.04379747702629955 0.4957850212941398
0xd443 0.5574229399662199 0.03908480727530549 0.4034922527584745
0xd4a3 0.625351750909766 0.020561656417675975 0.35408659267255804
0xa493 0.5382600514766499 0.028433958703880734 0.4333059898194694
0x6421 0.3371791066663539 0.05768692656329765 0.6051339667703485
0x5243 0.3701275522122621 0.05863094165426662 0.5712415061334712
0xb361 0.49904364588321243 0.03722602709684777 0.4637303270199398
0x5424 0.36685429737729197 0.056962604008328865 0.5761830986143792
0x8432 0.38085795608294615 0.051705158305858714 0.5674368856111951
0xd141 0.5806411940774965 0.037176124170970215 0.38218268175153336
0xd472 0.583741555237855 0.02996899129679624 0.3862894534653488
0xd274 0.583741555237855 0.02996899129679624 0.3862894534653488
0xb2a3 0.5690623165140808 0.024569160520990837 0.4063685229649284
0xd363 0.5938667242189114 0.03194572258864581 0.37418755319244285
0x8331 0.38085795608294615 0.051705158305858714 0.5674368856111951
0x9372 0.47818105062785915 0.03806337221065647 0.4837555771614844
0xc132 0.5022515437369408 0.042046354633575464 0.45570210162948366
0xa392 0.5382600514766499 0.028433958703880734 0.4333059898194694
0xd144 0.5574229399662199 0.03908480727530549 0.4034922527584745
0xc113 0.48422782260102204 0.041718830301161476 0.4740533470978165
0xa154 0.45713538993934133 0.04261468114282968 0.500249928917829
0x9442 0.4185747552742399 0.047869480452736694 0.5335557642730234
0x7121 0.38282562499392153 0.051818832093709855 0.5653555429123686
0xd372 0.583741555237855 0.02996899129679624 0.3862894534653488
0x9454 0.46800197552179845 0.042809562616289196 0.4891884618619124
0xa341 0.4490464791584786 0.04552480619977647 0.5054287146417449
0x4332 0.3507482025411852 0.06160933658356679 0.587642460875248
0x7232 0.40102778478587914 0.051976976337026554 0.5469952388770943
0x8354 0.42103393046170895 0.04775904421701964 0.5312070253212714
0xa484 0.5411198445402886 0.031009722000537383 0.427870433459174
0xd183 0.5944974132954839 0.026461301168913168 0.37904128553560296
0xc231 0.5022515437369408 0.042046354633575464 0.45570210162948366
0x9243 0.4185747552742399 0.047869480452736694 0.5335557642730234
0x5352 0.6270002360824352 0.01169449216627755 0.36130527175128735
0x7344 0.3874127095684516 0.053725100501894475 0.5588621899296539
0x8472 0.4606833213480498 0.040574012606191805 0.4987426660457584
0xa393 0.5615478092675132 0.027461523616538815 0.41099066711594795
0xd482 0.5944974132954839 0.026461301168913168 0.37904128553560296
0x5143 0.3701275522122621 0.05863094165426662 0.5712415061334712
0xb284 0.5386200390508571 0.02996862039183963 0.4314113405573033
0x4323 0.36758676696928316 0.058685714018738996 0.5737275190119778
0x3332 0.562565139587077 0.015326144642254064 0.422108715770669
0xd341 0.5574229399662199 0.03908480727530549 0.4034922527584745
0xc121 0.5207012701921516 0.03969698876663327 0.4396017410412151
0xd453 0.5587030559707975 0.0362429339745317 0.40505401005467084
0xb2a4 0.5690623165140808 0.024569160520990837 0.4063685229649284
0xd4a2 0.625351750909766 0.020561656417675975 0.35408659267255804
0xc454 0.5480467143827789 0.03672128170641452 0.4152320039108066
0xb333 0.4976303726155054 0.04184529554259963 0.46052433184189495
0x5124 0.33069789295473184 0.060156833203945666 0.6091452738413224
0x5312 0.3107865568787995 0.059929652964541294 0.6292837901566591
0xa184 0.5163938074318675 0.03223632280821392 0.45136986975991866
0x1312 0.49385176025390115 0.018976861060910222 0.48717137868518867
0x8473 0.4606833213480498 0.040574012606191805 0.4987426660457584
0xa463 0.47726130597446836 0.03911606007020306 0.48362263395532856
0x7322 0.3474984920663525 0.054679267805011166 0.5978222401286363
0xa3a1 0.7715297951098136 0.006329867803371173 0.22214033708681521
0xb113 0.4510993017451984 0.04371013415317631 0.5051905641016253
0x9413 0.39239114702310157 0.04858471774323499 0.5590241352336635
0x9283 0.49815695610792743 0.03431953576429591 0.46752350812777665
0x5413 0.3107865568787995 0.059929652964541294 0.6292837901566591
0x7263 0.42693294162337375 0.04715036200895854 0.5259166963676677
0x7271 0.6871738243695427 0.00891306064095809 0.3039131149894993
0x9232 0.4420406938039421 0.04652848454718416 0.5114308216488738
0xd243 0.5574229399662199 0.03908480727530549 0.4034922527584745
0xd171 0.6050780917025796 0.028720029401607304 0.36620187889581307
0xd3a4 0.625351750909766 0.020561656417675975 0.35408659267255804
0xd281 0.5944974132954839 0.026461301168913168 0.37904128553560296
0x9362 0.45829763587659716 0.041567438625717996 0.5001349254976849
0x6152 0.3965381185412241 0.053378700539728687 0.5500831809190472
0x7471 0.6871738243695427 0.00891306064095809 0.3039131149894993
0x7141 0.4199045982870484 0.05109065746669817 0.5290047442462534
0xb491 0.559473896109617 0.026867859722029142 0.41365824416835384
0x6211 0.3171027998842853 0.05746734653831258 0.6254298535774021
0x9423 0.40155186014079897 0.04878729668639805 0.549660843172803
0x7224 0.3474984920663525 0.054679267805011166 0.5978222401286363
0x9233 0.4105538860065092 0.048974388202285654 0.5404717257912051
0xb3a3 0.590708761232747 0.02376658035736931 0.3855246584098837
0xb364 0.49904364588321243 0.03722602709684777 0.4637303270199398
0xa454 0.4857424473167172 0.04063324822542478 0.473624304457858
0x6221 0.3371791066663539 0.05768692656329765 0.6051339667703485
0xc323 0.5207012701921516 0.03969698876663327 0.4396017410412151
0x6234 0.35661728767979595 0.057761981421952345 0.5856207308982517
0xd424 0.5633505360768477 0.03770533975370767 0.39894412416944464
0xb191 0.5817063978339914 0.025938390493696426 0.39235521167231224
0xc412 0.48422782260102204 0.041718830301161476 0.4740533470978165
0x4133 0.3507482025411852 0.06160933658356679 0.587642460875248
0xc1a2 0.5944123325612026 0.022549038116634258 0.3830386293221631
0x8151 0.45151166939458204 0.04554247662679009 0.5029458539786279
0x9321 0.40155186014079897 0.04878729668639805 0.549660843172803
0x8132 0.38085795608294615 0.051705158305858714 0.5674368856111951
0x3322 0.320663049818924 0.06159176817925331 0.6177451820018227
0xc2b2 0.6240841984762957 0.01983966894301241 0.3560761325806919
0xb264 0.49904364588321243 0.03722602709684777 0.4637303270199398
0xb363 0.525234864837085 0.035575534365345385 0.43918960079756963
0x9244 0.4185747552742399 0.047869480452736694 0.5335557642730234
0x2113 0.2923944961327676 0.06127557027352191 0.6463299335937105
0x9291 0.7466026488525498 0.007030301314033308 0.24636704983341695
0xb252 0.5167924415862832 0.03866644555391747 0.44454111285979925
0x4411 0.3119380732698428 0.06181676351195315 0.626245163218204
0xb433 0.4692476540976607 0.044058373861135855 0.48669397204120346
0xb133 0.4692476540976607 0.044058373861135855 0.48669397204120346
0xd263 0.5716951538836037 0.03343360067094704 0.3948712454454492
0x5341 0.3701275522122621 0.05863094165426662 0.5712415061334712
0xb313 0.4810181588964462 0.04134438744522001 0.4776374536583338
0xa223 0.42966762386843 0.046175650003785325 0.5241567261277846
0x7433 0.36709171945626284 0.05475239043000375 0.5781558901137334
0x5213 0.3107865568787995 0.059929652964541294 0.6292837901566591
0x1412 0.49385176025390115 0.018976861060910222 0.48717137868518867
0xd123 0.5385531202641682 0.03978580620149273 0.421661073534339
0x6151 0.42829476589222853 0.050845801079381095 0.5208594330283903
0x5131 0.38480977343142003 0.05704683375887288 0.558143392809707
0xb322 0.4602489706672342 0.04389077916929113 0.4958602501634747
0xa334 0.4386873487656493 0.046352993107651494 0.5149596581266992
0x3331 0.562565139587077 0.015326144642254064 0.422108715770669
0xd3b3 0.6531369868329694 0.01790327428030613 0.3289597388867245
0xc1a1 0.6147655670907951 0.021815668436522145 0.3634187644726828
0xb4a2 0.5690623165140808 0.024569160520990837 0.4063685229649284
0xb492 0.559473896109617 0.026867859722029142 0.41365824416835384
0xa344 0.4490464791584786 0.04552480619977647 0.5054287146417449
0xb294 0.559473896109617 0.026867859722029142 0.41365824416835384
0xa112 0.4204926571306907 0.04598403802414639 0.5335233048451629
0x6132 0.35661728767979595 0.057761981421952345 0.5856207308982517
0x4132 0.3507482025411852 0.06160933658356679 0.587642460875248
0x5123 0.33069789295473184 0.060156833203945666 0.6091452738413224
0xb362 0.49904364588321243 0.03722602709684777 0.4637303270199398
0x7421 0.3474984920663525 0.054679267805011166 0.5978222401286363
0x7363 0.45684107828649917 0.04504464828007844 0.49811427343342235
0x2313 0.33091971604889536 0.05784917984237398 0.6112311041087306
0xb413 0.4510993017451984 0.04371013415317631 0.5051905641016253
0xa363 0.5045445797246378 0.037406464253629576 0.45804895602173257
0x6462 0.6572535365167849 0.01021338286106358 0.3325330806221516
0xb224 0.4602489706672342 0.04389077916929113 0.4958602501634747
0x9344 0.4185747552742399 0.047869480452736694 0.5335557642730234
0x6433 0.35661728767979595 0.057761981421952345 0.5856207308982517
0x7462 0.42693294162337375 0.04715036200895854 0.5259166963676677
0x7463 0.42693294162337375 0.04715036200895854 0.5259166963676677
0xd362 0.5716951538836037 0.03343360067094704 0.3948712454454492
0xc123 0.4933126422716088 0.04188850835375218 0.464798849374639
0x7261 0.42693294162337375 0.04715036200895854 0.5259166963676677
0x3314 0.3011740662682251 0.06164686997216401 0.6371790637596109
0x9184 0.49815695610792743 0.03431953576429591 0.46752350812777665
0xb382 0.5386200390508571 0.02996862039183963 0.4314113405573033
0x3424 0.357273581116914 0.05829180532695796 0.584434613556128
0x6313 0.3543983783348789 0.05432111282547387 0.5912805088396472
0x7163 0.42693294162337375 0.04715036200895854 0.5259166963676677
0xa451 0.45713538993934133 0.04261468114282968 0.500249928917829
0x3231 0.562565139587077 0.015326144642254064 0.422108715770669
0xb244 0.47958999937260804 0.04322165709274207 0.47718834353464984
0x5241 0.3701275522122621 0.05863094165426662 0.5712415061334712
0x6432 0.35661728767979595 0.057761981421952345 0.5856207308982517
0x2322 0.5283923663373908 0.017076795060804575 0.45453083860180465
0x3123 0.320663049818924 0.06159176817925331 0.6177451820018227
0xb334 0.4692476540976607 0.044058373861135855 0.48669397204120346
0x9224 0.40155186014079897 0.04878729668639805 0.549660843172803
0x8144 0.40136720382095037 0.05064844865426338 0.5479843475247863
0x8434 0.4140712268143879 0.04909696275561216 0.53683181043
0x7161 0.45684107828649917 0.04504464828007844 0.49811427343342235
0x8452 0.42103393046170895 0.04775904421701964 0.5312070253212714
0x7142 0.3874127095684516 0.053725100501894475 0.5588621899296539
0x6241 0.3767468422067338 0.056745692782761634 0.5665074650105045
0xa453 0.45713538993934133 0.04261468114282968 0.500249928917829
0x9173 0.47818105062785915 0.03806337221065647 0.4837555771614844
0xc334 0.5022515437369408 0.042046354633575464 0.45570210162948366
0x6324 0.3371791066663539 0.05768692656329765 0.6051339667703485
0x6144 0.3767468422067338 0.056745692782761634 0.5665074650105045
0xb274 0.5193052192143642 0.033385403049735016 0.4473093777359008
0x4342 0.596400354047374 0.013697702162747755 0.38990194378987825
0xd321 0.5385531202641682 0.03978580620149273 0.421661073534339
0x7131 0.40102778478587914 0.051976976337026554 0.5469952388770943
0xc293 0.5849428410671308 0.024892620631354608 0.39016453830151465
0x6332 0.35661728767979595 0.057761981421952345 0.5856207308982517
0xc1a3 0.5944123325612026 0.022549038116634258 0.3830386293221631
0xd222 0.5633505360768477 0.03770533975370767 0.39894412416944464
0xa131 0.46868667942045766 0.04403570908923096 0.48727761149031135
0x6443 0.3767468422067338 0.056745692782761634 0.5665074650105045
0x9482 0.49815695610792743 0.03431953576429591 0.46752350812777665
0x9392 0.7466026488525498 0.007030301314033308 0.24636704983341695
0x3211 0.3011740662682251 0.06164686997216401 0.6371790637596109
0xa222 0.46041750167956064 0.04379747702629955 0.4957850212941398
0x9313 0.42540160854519254 0.04598643746456618 0.5286119539902413
0xb372 0.5193052192143642 0.033385403049735016 0.4473093777359008
0x6453 0.3965381185412241 0.053378700539728687 0.5500831809190472
0x3311 0.3011740662682251 0.06164686997216401 0.6371790637596109
0x7211 0.3408682966080217 0.05481688879964286 0.6043148145923354
0xc482 0.5640764356929945 0.02808562174063694 0.4078379425663686
0x2311 0.2923944961327676 0.06127557027352191 0.6463299335937105
0xb474 0.5441701864498217 0.032014286610559904 0.4238155269396184
0xb292 0.5817063978339914 0.025938390493696426 0.39235521167231224
0x9464 0.48651233587932413 0.03975607897968146 0.4737315851409944
0xa211 0.4204926571306907 0.04598403802414639 0.5335233048451629
0x9383 0.5237687347526121 0.03301310362397979 0.4432181616234081
0x6261 0.6572535365167849 0.01021338286106358 0.3325330806221516
0xa153 0.45713538993934133 0.04261468114282968 0.500249928917829
0xa242 0.478209446310411 0.04331809762561712 0.4784724560639719
0xc441 0.5125391743331482 0.041201108004662916 0.4462597176621889
0x4442 0.596400354047374 0.013697702162747755 0.38990194378987825
0x7152 0.4069658448976541 0.050886347474823755 0.5421478076275221
0xb232 0.4976303726155054 0.04184529554259963 0.46052433184189495
0x3421 0.320663049818924 0.06159176817925331 0.6177451820018227
0xc331 0.5022515437369408 0.042046354633575464 0.45570210162948366
0xc313 0.5123995219426037 0.03943552270233914 0.4481649553550571
0xd334 0.5473287043631963 0.0399361438012819 0.41273515183552184
0xd174 0.583741555237855 0.02996899129679624 0.3862894534653488
0xd114 0.5294730546607116 0.039625064193255025 0.4309018811460334
0xa141 0.478209446310411 0.04331809762561712 0.4784724560639719
0x8474 0.4885627399559605 0.038889627838352564 0.4725476322056869
0x3121 0.357273581116914 0.05829180532695796 0.584434613556128
0x8343 0.4331270744218412 0.04818334232467971 0.5186895832534791
0x9134 0.4105538860065092 0.048974388202285654 0.5404717257912051
0x6434 0.3910890851729361 0.05480806717327135 0.5541028476537926
0x8431 0.38085795608294615 0.051705158305858714 0.5674368856111951
0x4421 0.3316498128979958 0.06199579666475398 0.6063543904372503
0xd3d1 0.8493191548477659 0.005435956346488922 0.14524488880574515
0x9382 0.49815695610792743 0.03431953576429591 0.46752350812777665
0x7341 0.3874127095684516 0.053725100501894475 0.5588621899296539
0x6361 0.6572535365167849 0.01021338286106358 0.3325330806221516
0xa144 0.4490464791584786 0.04552480619977647 0.5054287146417449
0x8381 0.7166565196986764 0.00783199950571432 0.2755114807956092
0x9241 0.4185747552742399 0.047869480452736694 0.5335557642730234
0x7122 0.3474984920663525 0.054679267805011166 0.5978222401286363
0xc252 0.5480467143827789 0.03672128170641452 0.4152320039108066
0x7133 0.36709171945626284 0.05475239043000375 0.5781558901137334
0x7162 0.42693294162337375 0.04715036200895854 0.5259166963676677
0x9213 0.39239114702310157 0.04858471774323499 0.5590241352336635
0xb3b1 0.7963199000902186 0.005863481041226515 0.1978166188685549
0xd1a1 0.6439762064947079 0.01990116765457059 0.33612262585072156
0xd161 0.5938667242189114 0.03194572258864581 0.37418755319244285
0xb262 0.525234864837085 0.035575534365345385 0.43918960079756963
0xd4d1 0.8493191548477659 0.005435956346488922 0.14524488880574515
0x5211 0.3107865568787995 0.059929652964541294 0.6292837901566591
0x3422 0.320663049818924 0.06159176817925331 0.6177451820018227
0x8253 0.42103393046170895 0.04775904421701964 0.5312070253212714
0xb151 0.5167924415862832 0.03866644555391747 0.44454111285979925
0xa213 0.4204926571306907 0.04598403802414639 0.5335233048451629
0x5432 0.3500298874069853 0.060149990055170445 0.5898201225378442
0xd352 0.5587030559707975 0.0362429339745317 0.40505401005467084
0xc353 0.5480467143827789 0.03672128170641452 0.4152320039108066
0xa232 0.46868667942045766 0.04403570908923096 0.48727761149031135
0xb494 0.5817063978339914 0.025938390493696426 0.39235521167231224
0xc444 0.5383385212353099 0.03918131026132876 0.42248016850336134
0x8281 0.7166565196986764 0.00783199950571432 0.2755114807956092
0xb152 0.4899650081208162 0.04055102984764674 0.469483962031537
0xc124 0.4933126422716088 0.04188850835375218 0.464798849374639
0x6121 0.3730355643504844 0.05464758880313261 0.572316846846383
0xc474 0.5679041009502223 0.030438796772878973 0.40165710227689877
0xc4a4 0.6147655670907951 0.021815668436522145 0.3634187644726828
0x6312 0.3171027998842853 0.05746734653831258 0.6254298535774021
0xc144 0.5125391743331482 0.041201108004662916 0.4462597176621889
0xb4b1 0.7963199000902186 0.005863481041226515 0.1978166188685549
0xd261 0.5716951538836037 0.03343360067094704 0.3948712454454492
0xa413 0.4204926571306907 0.04598403802414639 0.5335233048451629
0x9374 0.47818105062785915 0.03806337221065647 0.4837555771614844
0xa273 0.49713657416544954 0.03553011185692565 0.4673333139776248
0xa121 0.46041750167956064 0.04379747702629955 0.4957850212941398
0x9472 0.47818105062785915 0.03806337221065647 0.4837555771614844
0x4313 0.34929535257042854 0.058395854655600925 0.5923087927739705
0x9384 0.49815695610792743 0.03431953576429591 0.46752350812777665
0xa314 0.4204926571306907 0.04598403802414639 0.5335233048451629
0x7143 0.3874127095684516 0.053725100501894475 0.5588621899296539
0xa192 0.5382600514766499 0.028433958703880734 0.4333059898194694
0x8444 0.4331270744218412 0.04818334232467971 0.5186895832534791
0xc472 0.5443163353980058 0.0317707803554242 0.42391288424657
0x7124 0.3474984920663525 0.054679267805011166 0.5978222401286363
0xd164 0.5716951538836037 0.03343360067094704 0.3948712454454492
0xa252 0.4857424473167172 0.04063324822542478 0.473624304457858
0x8412 0.3651701304803591 0.05161846475478034 0.5832114047648606
0x1411 0.49385176025390115 0.018976861060910222 0.48717137868518867
0x5122 0.33069789295473184 0.060156833203945666 0.6091452738413224
0xa233 0.4386873487656493 0.046352993107651494 0.5149596581266992
0xd3a1 0.625351750909766 0.020561656417675975 0.35408659267255804
0xd3a3 0.6439762064947079 0.01990116765457059 0.33612262585072156
0x6423 0.3371791066663539 0.05768692656329765 0.6051339667703485
0xd333 0.5713779929598616 0.03791673364885999 0.3907052733912784
0xc241 0.5125391743331482 0.041201108004662916 0.4462597176621889
0xb234 0.4692476540976607 0.044058373861135855 0.48669397204120346
0x7472 0.6871738243695427 0.00891306064095809 0.3039131149894993
0x8133 0.38085795608294615 0.051705158305858714 0.5674368856111951
0x6212 0.3543983783348789 0.05432111282547387 0.5912805088396472
0xd292 0.6348891518595496 0.02226943203486087 0.3428414161055895
0x9172 0.47818105062785915 0.03806337221065647 0.4837555771614844
0xd371 0.583741555237855 0.02996899129679624 0.3862894534653488
0x6351 0.3965381185412241 0.053378700539728687 0.5500831809190472
0xd253 0.5587030559707975 0.0362429339745317 0.40505401005467084
0x7134 0.36709171945626284 0.05475239043000375 0.5781558901137334
0x5324 0.33069789295473184 0.060156833203945666 0.6091452738413224
0xa481 0.5163938074318675 0.03223632280821392 0.45136986975991866
0x6242 0.40979005063186374 0.05393063142897952 0.5362793179391567
0xa241 0.4490464791584786 0.04552480619977647 0.5054287146417449
0x7414 0.37679222133166895 0.051848246096296846 0.5713595325720342
0xa283 0.5163938074318675 0.03223632280821392 0.45136986975991866
0x8162 0.44072059777293027 0.04451493259541363 0.5147644696316561
0x9431 0.4105538860065092 0.048974388202285654 0.5404717257912051
0xc393 0.6058706507579905 0.024029861853636137 0.37009948738837334
0xd473 0.583741555237855 0.02996899129679624 0.3862894534653488
0xb1a3 0.5690623165140808 0.024569160520990837 0.4063685229649284
0xa114 0.4204926571306907 0.04598403802414639 0.5335233048451629
0xd264 0.5716951538836037 0.03343360067094704 0.3948712454454492
0xb422 0.4602489706672342 0.04389077916929113 0.4958602501634747
0xc162 0.5341732809794789 0.03540044148178151 0.4304262775387395
0xa312 0.4204926571306907 0.04598403802414639 0.5335233048451629
0x5214 0.3107865568787995 0.059929652964541294 0.6292837901566591
0x4314 0.3119380732698428 0.06181676351195315 0.626245163218204
0x5411 0.3107865568787995 0.059929652964541294 0.6292837901566591
0xd3b4 0.6350878734865123 0.018461040486612047 0.34645108602687563
0xd182 0.5944974132954839 0.026461301168913168 0.37904128553560296
